2486.00 0.023491
2488.67 0.022787
2491.34 0.021163
2494.01 0.023918
2496.68 -0.000547
2499.35 0.020042
2502.02 0.045277
2504.69 0.052234
2507.36 0.021821
2510.03 0.060480
2512.70 0.041978
2515.37 0.032266
2518.04 0.046026
2520.71 0.004005
2523.38 0.007925
2526.05 0.044030
2528.72 0.065139
2531.39 0.028239
2534.06 0.072530
2536.73 0.055818
2539.40 0.011361
2542.07 0.044809
2544.74 0.018221
2547.41 0.040971
2550.08 -0.003460
2552.75 -0.049138
2555.42 0.031346
2558.09 -0.004563
2560.76 0.001421
2563.43 -0.047661
2566.10 0.025643
2568.77 -0.002010
2571.44 0.040527
2574.11 0.038016
2576.78 -0.011850
2579.45 0.012833
2582.12 0.015119
2584.79 -0.009547
2587.46 -0.040482
2590.13 -0.015845
2592.80 -0.043575
2595.47 -0.032326
2598.14 -0.000801
2600.81 -0.048783
2603.48 -0.049312
2606.15 0.001821
2608.82 -0.008850
2611.49 -0.029570
2614.16 -0.048132
2616.83 -0.017046
2619.50 -0.007459
2622.17 -0.021639
2624.84 -0.025971
2627.51 -0.040378
2630.18 -0.041764
2632.85 -0.032917
2635.52 -0.006911
2638.19 -0.052719
2640.86 -0.027575
2643.53 -0.056398
2646.20 -0.070334
2648.87 -0.049382
2651.54 -0.076289
2654.21 -0.054790
2656.88 -0.036518
2659.55 -0.067935
2662.22 0.000230
2664.89 -0.050368
2667.56 -0.033280
2670.23 -0.038253
2672.90 -0.006912
2675.57 -0.048774
2678.24 -0.054085
2680.91 -0.025569
2683.58 -0.006930
2686.25 -0.051882
2688.92 -0.026125
2691.59 -0.080730
2694.26 -0.078684
2696.93 -0.068874
2699.60 0.024988
2702.27 -0.006745
2704.94 -0.016511
2707.61 -0.054746
2710.28 -0.028662
2712.95 -0.007013
2715.62 -0.022368
2718.29 -0.057134
2720.96 -0.050882
2723.63 -0.007899
2726.30 0.030362
2728.97 -0.014974
2731.64 -0.009601
2734.31 0.079129
2736.98 0.034061
2739.65 -0.015872
2742.32 -0.006236
2744.99 -0.019006
2747.66 0.009302
2750.33 0.012146
2753.00 0.047085
2755.67 0.011583
2758.34 0.064690
2761.01 0.063857
2763.68 0.077631
2766.35 0.079791
2769.02 0.054843
2771.69 0.083662
2774.36 0.138711
2777.03 0.130746
2779.70 0.135256
2782.37 0.057156
2785.04 0.060224
2787.71 0.040119
2790.38 0.027886
2793.05 0.023250
2795.72 -0.061747
2798.39 -0.054245
2801.06 -0.026375
2803.73 -0.074440
2806.40 -0.054973
2809.07 -0.011879
2811.74 -0.038796
2814.41 -0.027880
2817.08 -0.040344
2819.75 0.006996
2822.42 -0.035787
2825.09 -0.013477
2827.76 0.005321
2830.43 0.004759
2833.10 0.013783
2835.77 0.050966
2838.44 0.029168
2841.11 -0.003458
2843.78 -0.016736
2846.45 -0.018182
2849.12 0.024016
2851.79 -0.012739
2854.46 -0.002312
2857.13 0.004656
2859.80 0.043253
2862.47 -0.031960
2865.14 0.000455
2867.81 0.010983
2870.48 0.022497
2873.15 0.007201
2875.82 -0.031594
2878.49 -0.007472
2881.16 -0.000293
2883.83 -0.016240
2886.50 -0.018916
2889.17 -0.042339
2891.84 -0.031605
2894.51 -0.025936
2897.18 -0.009167
2899.85 -0.047467
2902.52 0.025184
2905.19 -0.034357
2907.86 -0.024222
2910.53 0.000839
2913.20 -0.007187
2915.87 -0.011172
2918.54 0.033453
2921.21 0.020140
2923.88 0.017452
2926.55 0.046460
2929.22 0.026529
2931.89 -0.002761
2934.56 -0.031816
2937.23 -0.001823
2939.90 -0.030143
2942.57 -0.008718
2945.24 0.021422
2947.91 0.019167
2950.58 -0.040199
2953.25 -0.052294
2955.92 -0.007818
2958.59 -0.047451
2961.26 -0.009332
2963.93 0.014561
2966.60 -0.035027
2969.27 0.003802
2971.94 0.037292
2974.61 0.002652
2977.28 -0.001034
2979.95 -0.010779
2982.62 0.030581
2985.29 -0.010744
2987.96 -0.030181
2990.63 0.026306
2993.30 -0.003041
2995.97 -0.001361
2998.64 0.002111
3001.31 0.008662
3003.98 0.004114
3006.65 0.011829
3009.32 -0.004910
3011.99 -0.002109
3014.66 -0.038468
3017.33 -0.010096
3020.00 0.005433
3022.67 0.012572
3025.34 0.004618
3028.01 0.010771
3030.68 0.024323
3033.35 0.028179
3036.02 0.049324
3038.69 0.000504
3041.36 0.050625
3044.03 0.034924
3046.70 -0.023269
3049.37 0.006683
3052.04 0.004785
3054.71 0.047499
3057.38 0.024558
3060.05 -0.001004
3062.72 0.018934
3065.39 0.006829
3068.06 0.001296
3070.73 0.004812
3073.40 0.002168
3076.07 -0.010032
3078.74 0.021260
3081.41 0.032678
3084.08 -0.000603
3086.75 0.040815
3089.42 0.028161
3092.09 0.043853
3094.76 0.029780
3097.43 0.045017
3100.10 -0.016880
3102.77 -0.023254
3105.44 0.026835
3108.11 0.011767
3110.78 0.014019
3113.45 0.013809
3116.12 0.012640
3118.79 -0.008380
3121.46 0.021917
3124.13 0.017497
3126.80 -0.014860
3129.47 -0.002061
3132.14 -0.040919
3134.81 0.010936
3137.48 -0.012407
3140.15 -0.005863
3142.82 -0.012520
3145.49 -0.003207
3148.16 -0.003719
3150.83 -0.007519
3153.50 0.000305
3156.17 -0.017133
3158.84 -0.014323
3161.51 0.009980
3164.18 0.007791
3166.85 0.014150
3169.52 0.010508
3172.19 -0.008578
3174.86 -0.006720
3177.53 -0.015574
3180.20 -0.004732
3182.87 -0.011751
3185.54 -0.041686
3188.21 0.008459
3190.88 -0.006763
3193.55 0.014843
3196.22 0.011641
3198.89 0.001032
3201.56 -0.016383
3204.23 -0.021759
3206.90 -0.035693
3209.57 0.005793
3212.24 -0.017133
3214.91 -0.009892
3217.58 0.015121
3220.25 -0.045211
3222.92 -0.009700
3225.59 -0.030446
3228.26 -0.007421
3230.93 0.002764
3233.60 -0.016331
3236.27 -0.018319
3238.94 0.002913
3241.61 -0.014248
3244.28 0.004210
3246.95 0.007174
3249.62 -0.002129
3252.29 0.002765
3254.96 -0.013659
3257.63 -0.012282
3260.30 0.001327
3262.97 -0.005205
3265.64 -0.029813
3268.31 0.007027
3270.98 0.010836
3273.65 0.008918
3276.32 0.004754
3278.99 0.007323
3281.66 0.018339
3284.33 0.027810
3287.00 0.013182
3289.67 0.010254
3292.34 0.023884
3295.01 -0.026048
3297.68 -0.012187
3300.35 -0.022819
3303.02 -0.011856
3305.69 -0.000350
3308.36 0.022044
3311.03 0.007562
3313.70 -0.025795
3316.37 0.005386
3319.04 0.003911
3321.71 0.023310
3324.38 -0.012527
3327.05 0.001183
3329.72 -0.006824
3332.39 -0.003931
3335.06 -0.002269
3337.73 -0.002199
3340.40 0.028099
3343.07 -0.000348
3345.74 0.000783
3348.41 0.005200
3351.08 0.006834
3353.75 0.004693
3356.42 -0.007008
3359.09 -0.013288
3361.76 0.010858
3364.43 0.012371
3367.10 0.022477
3369.77 -0.015942
3372.44 0.000877
3375.11 -0.006639
3377.78 0.007005
3380.45 -0.000928
3383.12 0.017421
3385.79 0.021284
3388.46 0.012866
3391.13 -0.001592
3393.80 0.025384
3396.47 -0.005814
3399.14 -0.014648
3401.81 0.020016
3404.48 0.012276
3407.15 0.001139
3409.82 0.026155
3412.49 -0.010030
3415.16 -0.000338
3417.83 -0.034320
3420.50 -0.008429
3423.17 -0.013054
3425.84 0.002438
3428.51 -0.000940
3431.18 0.002882
3433.85 0.012992
3436.52 0.016472
3439.19 0.039849
3441.86 0.013020
3444.53 0.040768
3447.20 0.034162
3449.87 -0.012931
3452.54 0.004061
3455.21 0.001186
3457.88 0.028177
3460.55 0.039954
3463.22 0.010798
3465.89 0.017424
3468.56 0.005281
3471.23 0.012186
3473.90 0.021588
3476.57 0.016435
3479.24 0.011067
3481.91 0.028091
3484.58 0.027600
3487.25 0.017663
3489.92 0.030863
3492.59 0.018910
3495.26 0.023734
3497.93 0.050560
3500.60 0.024389
3503.27 0.009134
3505.94 0.001968
3508.61 0.029028
3511.28 0.046893
3513.95 0.002341
3516.62 0.012553
3519.29 0.006990
3521.96 0.016525
3524.63 0.013079
3527.30 -0.014414
3529.97 -0.009555
3532.64 0.022993
3535.31 -0.000147
3537.98 -0.010520
3540.65 0.017366
3543.32 -0.017026
3545.99 -0.005001
3548.66 -0.012426
3551.33 0.002039
3554.00 -0.013140
3556.67 -0.013703
3559.34 0.007767
3562.01 0.005471
3564.68 0.005193
3567.35 0.023800
3570.02 0.019123
3572.69 -0.003851
3575.36 0.002965
3578.03 0.010012
3580.70 0.033885
3583.37 0.008385
3586.04 0.008091
3588.71 -0.004547
3591.38 0.022540
3594.05 -0.002267
3596.72 0.002699
3599.39 -0.002494
3602.06 0.011822
3604.73 0.000285
3607.40 0.016192
3610.07 0.018109
3612.74 0.020824
3615.41 0.013706
3618.08 0.025684
3620.75 -0.003138
3623.42 0.013180
3626.09 0.004016
3628.76 0.023215
3631.43 0.023865
3634.10 0.040854
3636.77 0.015367
3639.44 -0.000915
3642.11 -0.004333
3644.78 -0.004155
3647.45 0.001176
3650.12 0.018016
3652.79 0.005629
3655.46 0.011791
3658.13 -0.003774
3660.80 0.009074
3663.47 0.007813
3666.14 0.011231
3668.81 0.006149
3671.48 0.012789
3674.15 0.023730
3676.82 0.023426
3679.49 0.036576
3682.16 0.013508
3684.83 0.019936
3687.50 0.040279
3690.17 0.009219
3692.84 -0.001368
3695.51 0.011446
3698.18 0.013255
3700.85 0.007666
3703.52 0.019921
3706.19 0.008230
3708.86 -0.008914
3711.53 0.020547
3714.20 0.012772
3716.87 0.010826
3719.54 0.004002
3722.21 0.003886
3724.88 -0.039634
3727.55 -0.015930
3730.22 -0.007181
3732.89 0.021303
3735.56 -0.000459
3738.23 -0.007271
3740.90 -0.015665
3743.57 -0.011147
3746.24 -0.011310
3748.91 0.025749
3751.58 -0.018079
3754.25 -0.002870
3756.92 -0.003243
3759.59 0.022116
3762.26 0.011154
3764.93 -0.016030
3767.60 -0.005378
3770.27 -0.005936
3772.94 -0.010572
3775.61 -0.012439
3778.28 -0.017624
3780.95 -0.002258
3783.62 -0.024743
3786.29 -0.017962
3788.96 -0.003684
3791.63 -0.017298
3794.30 -0.017219
3796.97 -0.009779
3799.64 -0.009403
3802.31 -0.030939
3804.98 -0.034234
3807.65 -0.028586
3810.32 -0.025366
3812.99 -0.001063
3815.66 -0.019824
3818.33 -0.000524
3821.00 0.002691
3823.67 -0.014856
3826.34 0.005976
3829.01 -0.023101
3831.68 0.002514
3834.35 0.000955
3837.02 -0.000664
3839.69 0.008786
3842.36 0.004767
3845.03 -0.004805
3847.70 0.020291
3850.37 -0.009634
3853.04 -0.001262
3855.71 -0.004584
3858.38 0.025548
3861.05 0.007651
3863.72 -0.002969
3866.39 -0.017589
3869.06 -0.005637
3871.73 -0.000943
3874.40 -0.001836
3877.07 -0.006002
3879.74 -0.020283
3882.41 -0.017632
3885.08 -0.013152
3887.75 -0.013833
3890.42 -0.016016
3893.09 -0.005999
3895.76 -0.013221
3898.43 -0.020099
3901.10 -0.002532
3903.77 -0.015946
3906.44 0.001519
3909.11 0.015852
3911.78 -0.011686
3914.45 0.015783
3917.12 -0.013558
3919.79 -0.009818
3922.46 -0.004763
3925.13 -0.011990
3927.80 0.005881
3930.47 0.017964
3933.14 0.012737
3935.81 0.015658
3938.48 0.006407
3941.15 0.009848
3943.82 0.014786
3946.49 0.006493
3949.16 -0.003343
3951.83 -0.012774
3954.50 -0.007962
3957.17 -0.000045
3959.84 -0.011298
3962.51 -0.031355
3965.18 0.012078
3967.85 0.031027
3970.52 0.026059
3973.19 0.026237
3975.86 0.035632
3978.53 0.021257
3981.20 0.009503
3983.87 0.011268
3986.54 -0.015797
3989.21 -0.012831
3991.88 -0.007508
3994.55 -0.008181
3997.22 0.005210
3999.89 0.005090
4002.56 -0.004244
4005.23 0.006766
4007.90 0.023213
4010.57 0.012281
4013.24 -0.014477
4015.91 0.004958
4018.58 -0.003951
4021.25 -0.002824
4023.92 -0.013149
4026.59 -0.018113
4029.26 0.010925
4031.93 0.019011
4034.60 0.019121
4037.27 -0.002683
4039.94 -0.019523
4042.61 -0.002029
4045.28 0.001209
4047.95 0.002732
4050.62 -0.009351
4053.29 -0.007266
4055.96 0.028147
4058.63 -0.007258
4061.30 -0.028526
4063.97 -0.002358
4066.64 0.006505
4069.31 -0.001285
4071.98 -0.000530
4074.65 -0.010972
4077.32 0.008628
4079.99 -0.003817
4082.66 -0.007894
4085.33 -0.013362
4088.00 0.001348
4090.67 0.005715
4093.34 -0.021257
4096.01 0.015856
4098.68 0.018877
4101.35 0.006884
4104.02 0.023603
4106.69 0.034183
4109.36 0.027949
4112.03 -0.013916
4114.70 0.010754
4117.37 0.002540
4120.04 0.007809
4122.71 0.013833
4125.38 0.010743
4128.05 0.009399
4130.72 0.009750
4133.39 0.010045
4136.06 0.005651
4138.73 -0.008189
4141.40 0.002268
4144.07 0.007403
4146.74 -0.000029
4149.41 -0.000610
4152.08 0.017573
4154.75 0.005358
4157.42 -0.010284
4160.09 -0.008975
4162.76 0.004860
4165.43 0.015665
4168.10 0.009999
4170.77 0.002013
4173.44 0.019326
4176.11 0.041617
4178.78 0.041233
4181.45 0.027437
4184.12 0.008057
4186.79 0.028742
4189.46 -0.005988
4192.13 0.005556
4194.80 -0.007201
4197.47 -0.002331
4200.14 -0.018100
4202.81 -0.012494
4205.48 -0.015978
4208.15 -0.006084
4210.82 -0.001789
4213.49 -0.009377
4216.16 -0.021721
4218.83 -0.008499
4221.50 -0.008872
4224.17 0.006106
4226.84 0.018938
4229.51 0.028383
4232.18 0.007801
4234.85 0.042807
4237.52 0.032452
4240.19 0.029271
4242.86 0.020588
4245.53 0.028166
4248.20 0.019294
4250.87 0.009469
4253.54 0.008688
4256.21 -0.010996
4258.88 -0.012794
4261.55 -0.016186
4264.22 -0.003903
4266.89 -0.011208
4269.56 0.007117
4272.23 0.000570
4274.90 -0.005934
4277.57 -0.009053
4280.24 -0.012475
4282.91 -0.012833
4285.58 0.005219
4288.25 0.000003
4290.92 0.001135
4293.59 -0.002752
4296.26 0.003782
4298.93 -0.002334
4301.60 0.001416
4304.27 -0.008052
4306.94 -0.019273
4309.61 -0.016529
4312.28 -0.025205
4314.95 -0.036216
4317.62 -0.023102
4320.29 -0.021399
4322.96 -0.029947
4325.63 -0.016048
4328.30 -0.025846
4330.97 -0.022450
4333.64 -0.010887
4336.31 -0.011466
4338.98 0.017834
4341.65 0.019125
4344.32 0.012327
4346.99 0.008078
4349.66 0.008574
4352.33 0.005006
4355.00 -0.004795
4357.67 -0.025024
4360.34 -0.018106
4363.01 -0.024813
4365.68 -0.016033
4368.35 -0.027407
4371.02 -0.018268
4373.69 -0.018408
4376.36 -0.027838
4379.03 -0.018829
4381.70 -0.007633
4384.37 -0.013898
4387.04 -0.008758
4389.71 -0.010582
4392.38 -0.010566
4395.05 -0.031251
4397.72 -0.015442
4400.39 -0.012479
4403.06 -0.015192
4405.73 0.001610
4408.40 -0.004346
4411.07 -0.005184
4413.74 -0.019821
4416.41 -0.000229
4419.08 -0.020651
4421.75 -0.006943
4424.42 -0.003063
4427.09 -0.006255
4429.76 -0.010836
4432.43 -0.004158
4435.10 -0.020026
4437.77 -0.025944
4440.44 -0.034651
4443.11 -0.039621
4445.78 -0.026625
4448.45 -0.018508
4451.12 -0.023052
4453.79 -0.019758
4456.46 -0.014186
4459.13 -0.031815
4461.80 -0.019261
4464.47 -0.019453
4467.14 -0.009599
4469.81 -0.010338
4472.48 -0.001775
4475.15 -0.015127
4477.82 -0.004155
4480.49 -0.008776
4483.16 -0.015930
4485.83 -0.019005
4488.50 -0.027171
4491.17 0.002057
4493.84 0.018861
4496.51 -0.003003
4499.18 -0.006128
4501.85 -0.014523
4504.52 -0.012135
4507.19 -0.004526
4509.86 0.002009
4512.53 0.026787
4515.20 -0.012653
4517.87 0.000921
4520.54 -0.000173
4523.21 0.015460
4525.88 0.016911
4528.55 0.010125
4531.22 0.007455
4533.89 -0.003919
4536.56 -0.007216
4539.23 -0.007188
4541.90 -0.004242
4544.57 -0.000042
4547.24 0.004199
4549.91 -0.004751
4552.58 0.010334
4555.25 0.010131
4557.92 0.010187
4560.59 -0.003005
4563.26 -0.004429
4565.93 -0.001056
4568.60 -0.005895
4571.27 0.000583
4573.94 -0.011455
4576.61 0.008722
4579.28 0.006889
4581.95 0.003856
4584.62 0.001928
4587.29 0.015108
4589.96 0.018045
4592.63 0.013007
4595.30 -0.003524
4597.97 -0.003285
4600.64 -0.011524
4603.31 -0.018139
4605.98 -0.023948
4608.65 -0.012080
4611.32 -0.025574
4613.99 -0.012330
4616.66 -0.015316
4619.33 0.007954
4622.00 0.004075
4624.67 0.009992
4627.34 0.001156
4630.01 0.011642
4632.68 0.010450
4635.35 0.024388
4638.02 0.010406
4640.69 0.006380
4643.36 -0.006177
4646.03 -0.002514
4648.70 -0.010111
4651.37 -0.025856
4654.04 -0.021991
4656.71 -0.013562
4659.38 -0.007951
4662.05 -0.007143
4664.72 0.001722
4667.39 -0.010909
4670.06 -0.012533
4672.73 -0.007881
4675.40 -0.011599
4678.07 -0.020836
4680.74 -0.032717
4683.41 -0.021855
4686.08 -0.021050
4688.75 -0.014368
4691.42 -0.025348
4694.09 -0.027862
4696.76 -0.035166
4699.43 -0.040966
4702.10 -0.020913
4704.77 -0.034008
4707.44 -0.030266
4710.11 -0.025965
4712.78 -0.033868
4715.45 -0.023300
4718.12 -0.023298
4720.79 -0.030047
4723.46 -0.031899
4726.13 -0.006626
4728.80 -0.021608
4731.47 -0.021275
4734.14 -0.040491
4736.81 -0.017664
4739.48 -0.015909
4742.15 -0.036932
4744.82 -0.037311
4747.49 -0.020457
4750.16 -0.032314
4752.83 -0.043315
4755.50 -0.042392
4758.17 -0.057203
4760.84 -0.047352
4763.51 -0.034316
4766.18 -0.039374
4768.85 -0.036039
4771.52 -0.037467
4774.19 -0.046366
4776.86 -0.042853
4779.53 -0.036830
4782.20 -0.032483
4784.87 -0.034129
4787.54 -0.037280
4790.21 -0.036128
4792.88 -0.055117
4795.55 -0.038582
4798.22 -0.035965
4800.89 -0.032403
4803.56 -0.052634
4806.23 -0.037982
4808.90 -0.044848
4811.57 -0.025145
4814.24 -0.026731
4816.91 -0.028239
4819.58 -0.042669
4822.25 -0.040857
4824.92 -0.039502
4827.59 -0.051036
4830.26 -0.044144
4832.93 -0.055960
4835.60 -0.051852
4838.27 -0.060870
4840.94 -0.062797
4843.61 -0.048984
4846.28 -0.040769
4848.95 -0.021076
4851.62 -0.015095
4854.29 0.000201
4856.96 0.019839
4859.63 0.019909
4862.30 0.040329
4864.97 0.048962
4867.64 0.005666
4870.31 0.011017
4872.98 -0.004351
4875.65 -0.012231
4878.32 -0.031695
4880.99 -0.036952
4883.66 -0.042159
4886.33 -0.033784
4889.00 -0.049496
4891.67 -0.065367
4894.34 -0.048473
4897.01 -0.051289
4899.68 -0.043428
4902.35 -0.067034
4905.02 -0.050276
4907.69 -0.042075
4910.36 -0.025491
4913.03 -0.013568
4915.70 -0.013039
4918.37 -0.020799
4921.04 -0.026985
4923.71 0.001762
4926.38 0.010791
4929.05 0.019084
4931.72 -0.002241
4934.39 -0.024623
4937.06 -0.020445
4939.73 -0.027532
4942.40 -0.041563
4945.07 -0.024425
4947.74 -0.030045
4950.41 -0.045610
4953.08 -0.056030
4955.75 -0.067303
4958.42 -0.081202
4961.09 0.009103
4963.76 0.001510
4966.43 -0.045921
4969.10 -0.036268
4971.77 -0.039873
4974.44 -0.031550
4977.11 -0.043933
4979.78 -0.044749
4982.45 -0.042783
4985.12 -0.050003
4987.79 -0.059583
4990.46 -0.053385
4993.13 -0.062746
4995.80 -0.067433
4998.47 -0.068153
5001.14 -0.115401
5003.81 -0.106077
5006.48 -0.028451
5009.15 0.175240
5011.82 0.087265
5014.49 0.016619
5017.16 0.019405
5019.83 0.007092
5022.50 0.012736
5025.17 0.000394
5027.84 0.016222
5030.51 0.004758
5033.18 -0.012779
5035.85 -0.021476
5038.52 -0.009770
5041.19 -0.010065
5043.86 -0.024474
5046.53 -0.012099
5049.20 -0.016808
5051.87 -0.018416
5054.54 -0.017627
5057.21 -0.006817
5059.88 -0.013445
5062.55 -0.014118
5065.22 -0.004568
5067.89 -0.010463
5070.56 -0.011732
5073.23 -0.004547
5075.90 -0.001751
5078.57 -0.001474
5081.24 0.008313
5083.91 0.004691
5086.58 0.002269
5089.25 -0.006174
5091.92 -0.008477
5094.59 -0.004498
5097.26 -0.016744
5099.93 0.001012
5102.60 0.000363
5105.27 0.001674
5107.94 -0.000846
5110.61 0.021058
5113.28 -0.004037
5115.95 0.011722
5118.62 -0.009791
5121.29 0.008203
5123.96 0.004169
5126.63 -0.001350
5129.30 0.015343
5131.97 0.003132
5134.64 -0.000556
5137.31 -0.007344
5139.98 0.005035
5142.65 0.010230
5145.32 -0.009626
5147.99 0.000937
5150.66 0.005885
5153.33 0.016349
5156.00 0.008485
5158.67 0.028468
5161.34 0.019243
5164.01 0.046554
5166.68 0.048844
5169.35 0.039474
5172.02 0.041413
5174.69 0.033415
5177.36 0.025688
5180.03 0.032212
5182.70 0.021689
5185.37 0.042095
5188.04 0.046563
5190.71 0.039307
5193.38 0.035798
5196.05 0.031776
5198.72 0.034686
5201.39 0.032428
5204.06 0.014501
5206.73 0.007220
5209.40 0.003321
5212.07 0.017155
5214.74 0.014186
5217.41 -0.001897
5220.08 0.009661
5222.75 0.009706
5225.42 0.005646
5228.09 0.017702
5230.76 0.028019
5233.43 0.020201
5236.10 0.047764
5238.77 0.043401
5241.44 0.035548
5244.11 0.034702
5246.78 0.028591
5249.45 0.033406
5252.12 0.018532
5254.79 0.038509
5257.46 0.030418
5260.13 0.037544
5262.80 0.044624
5265.47 0.046964
5268.14 0.038232
5270.81 0.039467
5273.48 0.037986
5276.15 0.044687
5278.82 0.045122
5281.49 0.041089
5284.16 0.026823
5286.83 0.019635
5289.50 0.015155
5292.17 0.006013
5294.84 0.013099
5297.51 0.016209
5300.18 0.010925
5302.85 0.022591
5305.52 0.002302
5308.19 0.020105
5310.86 0.016393
5313.53 0.019604
5316.20 0.041663
5318.87 0.045024
5321.54 0.051057
5324.21 0.047780
5326.88 0.030179
5329.55 0.022278
5332.22 0.021386
5334.89 0.028101
5337.56 0.025070
5340.23 0.021047
5342.90 0.007186
5345.57 0.013566
5348.24 0.005276
5350.91 -0.000024
5353.58 0.017979
5356.25 0.005925
5358.92 0.007760
5361.59 0.016376
5364.26 0.023412
5366.93 0.021963
5369.60 0.026039
5372.27 0.010620
5374.94 0.028279
5377.61 0.016326
5380.28 0.019517
5382.95 0.031617
5385.62 0.001351
5388.29 0.007965
5390.96 0.022736
5393.63 -0.006818
5396.30 0.025005
5398.97 0.008209
5401.64 0.014564
5404.31 0.018458
5406.98 0.023308
5409.65 0.022126
5412.32 0.023025
5414.99 0.018061
5417.66 0.027234
5420.33 0.015936
5423.00 0.017216
5425.67 0.004734
5428.34 0.032204
5431.01 0.015332
5433.68 0.034637
5436.35 0.022504
5439.02 0.013088
5441.69 0.023722
5444.36 0.024510
5447.03 0.001648
5449.70 0.001497
5452.37 0.001464
5455.04 0.008183
5457.71 0.015574
5460.38 0.013767
5463.05 -0.008687
5465.72 -0.004015
5468.39 -0.009083
5471.06 -0.002545
5473.73 0.016814
5476.40 0.007260
5479.07 0.009731
5481.74 0.009430
5484.41 -0.002455
5487.08 0.013523
5489.75 -0.001441
5492.42 0.004931
5495.09 -0.004239
5497.76 0.025856
5500.43 0.014766
5503.10 0.025170
5505.77 0.025873
5508.44 0.025150
5511.11 0.021624
5513.78 0.006420
5516.45 0.008857
5519.12 0.009830
5521.79 0.012777
5524.46 0.012791
5527.13 0.023229
5529.80 0.016289
5532.47 0.029189
5535.14 0.023312
5537.81 0.032302
5540.48 0.032254
5543.15 0.025339
5545.82 0.018428
5548.49 0.043515
5551.16 0.025913
5553.83 0.018164
5556.50 0.013139
5559.17 0.000740
5561.84 0.014024
5564.51 -0.006406
5567.18 -0.003957
5569.85 -0.006017
5572.52 0.006042
5575.19 0.009521
5577.86 -0.013621
5580.53 0.003343
5583.20 -0.011442
5585.87 -0.005635
5588.54 -0.008401
5591.21 0.000337
5593.88 0.015956
5596.55 0.005331
5599.22 -0.007693
5601.89 -0.001626
5604.56 -0.011366
5607.23 0.017374
5609.90 -0.002642
5612.57 0.001378
5615.24 0.013347
5617.91 -0.003638
5620.58 0.008614
5623.25 0.015924
5625.92 0.006947
5628.59 0.021804
5631.26 -0.005560
5633.93 0.007496
5636.60 0.007947
5639.27 0.003601
5641.94 -0.000337
5644.61 0.000480
5647.28 0.000534
5649.95 -0.005862
5652.62 0.008489
5655.29 0.008647
5657.96 0.008821
5660.63 0.007443
5663.30 0.017794
5665.97 0.016560
5668.64 0.018106
5671.31 0.030996
5673.98 0.016540
5676.65 0.017781
5679.32 0.015302
5681.99 0.034212
5684.66 0.024476
5687.33 0.020809
5690.00 0.000828
5692.67 -0.002256
5695.34 0.002336
5698.01 0.005231
5700.68 -0.004672
5703.35 -0.001404
5706.02 0.004974
5708.69 0.005727
5711.36 0.000858
5714.03 0.017038
5716.70 0.005709
5719.37 -0.004028
5722.04 0.007984
5724.71 -0.002749
5727.38 -0.002985
5730.05 -0.006531
5732.72 -0.011414
5735.39 0.010551
5738.06 -0.003313
5740.73 -0.006481
5743.40 0.002053
5746.07 0.011156
5748.74 0.000345
5751.41 0.005467
5754.08 0.020426
5756.75 0.013368
5759.42 0.028269
5762.09 0.009490
5764.76 0.013117
5767.43 -0.020188
5770.10 -0.028135
5772.77 -0.023619
5775.44 -0.019931
5778.11 -0.029204
5780.78 -0.025538
5783.45 0.023343
5786.12 -0.002593
5788.79 0.019287
5791.46 0.004624
5794.13 0.013071
5796.80 0.005588
5799.47 0.016625
5802.14 0.023660
5804.81 -0.000098
5807.48 -0.022115
5810.15 -0.038138
5812.82 -0.004829
5815.49 0.001970
5818.16 0.002724
5820.83 -0.004576
5823.50 -0.010741
5826.17 0.017400
5828.84 -0.011348
5831.51 -0.008623
5834.18 -0.011226
5836.85 -0.000055
5839.52 0.008831
5842.19 0.011205
5844.86 0.019307
5847.53 0.003552
5850.20 0.015929
5852.87 -0.019091
5855.54 -0.014603
5858.21 -0.000360
5860.88 -0.015745
5863.55 0.000947
5866.22 0.001726
5868.89 0.003484
5871.56 0.037560
5874.23 0.023342
5876.90 0.022746
5879.57 0.032551
5882.24 -0.019651
5884.91 -0.022181
5887.58 -0.013269
5890.25 0.020179
5892.92 0.030215
5895.59 0.021225
5898.26 0.007986
5900.93 0.019749
5903.60 0.010010
5906.27 0.007486
5908.94 -0.005648
5911.61 0.000771
5914.28 0.001640
5916.95 0.007087
5919.62 0.001179
5922.29 0.010077
5924.96 -0.018051
5927.63 0.028341
5930.30 0.006840
5932.97 0.025587
5935.64 0.011734
5938.31 -0.002564
5940.98 0.010630
5943.65 -0.008480
5946.32 0.014747
5948.99 0.018393
5951.66 0.012985
5954.33 0.014321
5957.00 0.005487
5959.67 0.011912
5962.34 0.016953
5965.01 0.019579
5967.68 0.013855
5970.35 0.036906
5973.02 0.015294
5975.69 0.000191
5978.36 0.019035
5981.03 0.008232
5983.70 0.025529
5986.37 0.034666
5989.04 0.039313
5991.71 0.031343
5994.38 0.020338
5997.05 0.024145
5999.72 0.036063
6002.39 0.024062
6005.06 0.002699
6007.73 0.031460
6010.40 0.043424
6013.07 0.043283
6015.74 0.046051
6018.41 0.039134
6021.08 0.026004
6023.75 0.025946
6026.42 0.038281
6029.09 0.024892
6031.76 0.033602
6034.43 0.007151
6037.10 0.013616
6039.77 0.029963
6042.44 0.014667
6045.11 0.016242
6047.78 0.006610
6050.45 0.039311
6053.12 0.015516
6055.79 0.008661
6058.46 -0.000077
6061.13 0.024760
6063.80 0.022448
6066.47 0.025053
6069.14 0.033464
6071.81 0.013065
6074.48 0.021473
6077.15 0.019578
6079.82 0.043923
6082.49 0.031087
6085.16 0.029670
6087.83 0.034863
6090.50 0.044106
6093.17 0.031961
6095.84 0.034510
6098.51 0.016114
6101.18 0.046740
6103.85 0.030098
6106.52 0.014006
6109.19 0.009684
6111.86 0.030204
6114.53 -0.011775
6117.20 0.024065
6119.87 0.024895
6122.54 0.021636
6125.21 0.022546
6127.88 0.025137
6130.55 0.019041
6133.22 0.032649
6135.89 0.031686
6138.56 0.012473
6141.23 -0.008388
6143.90 0.023453
6146.57 0.036584
6149.24 0.018354
6151.91 0.030152
6154.58 0.010941
6157.25 0.010958
6159.92 0.010002
6162.59 -0.004524
6165.26 0.011518
6167.93 0.010964
6170.60 0.008803
6173.27 0.004705
6175.94 -0.000426
6178.61 -0.004118
6181.28 0.000642
6183.95 0.021085
6186.62 0.012983
6189.29 0.006922
6191.96 -0.008155
6194.63 -0.000991
6197.30 0.001602
6199.97 0.007129
6202.64 0.025382
6205.31 -0.001898
6207.98 0.007828
6210.65 0.009947
6213.32 -0.006259
6215.99 0.005245
6218.66 0.014037
6221.33 0.001869
6224.00 0.012975
6226.67 -0.007882
6229.34 -0.054346
6232.01 -0.026947
6234.68 0.001057
6237.35 0.004576
6240.02 0.008737
6242.69 0.000257
6245.36 0.003171
6248.03 0.027627
6250.70 0.013058
6253.37 0.021471
6256.04 0.014909
6258.71 0.009402
6261.38 0.046329
6264.05 0.024517
6266.72 0.024671
6269.39 0.020554
6272.06 0.034522
6274.73 0.029344
6277.40 0.015209
6280.07 0.007698
6282.74 0.011134
6285.41 0.014333
6288.08 0.014951
6290.75 0.053454
6293.42 0.030300
6296.09 0.025743
6298.76 0.038580
6301.43 0.046170
6304.10 0.032934
6306.77 0.025521
6309.44 0.020377
6312.11 0.025999
6314.78 0.031240
6317.45 0.024855
6320.12 0.016369
6322.79 0.034695
6325.46 0.037283
6328.13 0.022480
6330.80 0.027217
6333.47 0.022583
6336.14 0.019062
6338.81 0.016664
6341.48 0.019011
6344.15 0.020393
6346.82 0.026676
6349.49 0.017283
6352.16 0.034920
6354.83 0.030992
6357.50 0.008229
6360.17 0.016391
6362.84 0.014520
6365.51 0.026172
6368.18 0.018498
6370.85 0.009703
6373.52 0.017466
6376.19 -0.004044
6378.86 0.008915
6381.53 0.017068
6384.20 0.018064
6386.87 -0.000096
6389.54 0.026345
6392.21 0.019600
6394.88 0.003171
6397.55 0.013509
6400.22 0.026943
6402.89 0.026377
6405.56 0.028733
6408.23 0.022349
6410.90 0.005823
6413.57 0.021063
6416.24 0.030793
6418.91 0.027051
6421.58 0.029073
6424.25 0.019559
6426.92 0.022397
6429.59 0.015465
6432.26 0.013771
6434.93 0.010353
6437.60 0.022467
6440.27 0.011961
6442.94 0.015526
6445.61 0.016498
6448.28 0.031627
6450.95 0.016363
6453.62 0.013876
6456.29 0.016615
6458.96 0.003617
6461.63 0.012220
6464.30 0.020524
6466.97 -0.007396
6469.64 0.012556
6472.31 0.021523
6474.98 -0.003074
6477.65 -0.004112
6480.32 -0.001084
6482.99 0.016897
6485.66 0.016490
6488.33 0.004484
6491.00 -0.008921
6493.67 -0.011704
6496.34 0.002819
6499.01 -0.007595
6501.68 -0.013754
6504.35 -0.019502
6507.02 -0.032439
6509.69 -0.029433
6512.36 -0.027541
6515.03 -0.038882
6517.70 -0.043617
6520.37 -0.039523
6523.04 -0.043752
6525.71 -0.033921
6528.38 -0.039054
6531.05 -0.043011
6533.72 -0.037606
6536.39 -0.029695
6539.06 -0.033588
6541.73 -0.033294
6544.40 -0.029362
6547.07 -0.030745
6549.74 -0.023968
6552.41 -0.020560
6555.08 0.012745
6557.75 0.016091
6560.42 -0.008399
6563.09 -0.002021
6565.76 0.013864
6568.43 0.017479
6571.10 0.015017
6573.77 0.012283
6576.44 0.015073
6579.11 0.005560
6581.78 0.003699
6584.45 -0.006592
6587.12 -0.012032
6589.79 -0.014577
6592.46 -0.010604
6595.13 -0.008341
6597.80 -0.014068
6600.47 -0.015335
6603.14 -0.009150
6605.81 -0.016121
6608.48 -0.007956
6611.15 -0.014357
6613.82 -0.009304
6616.49 -0.006293
6619.16 -0.019088
6621.83 -0.012768
6624.50 -0.015707
6627.17 -0.013734
6629.84 -0.019910
6632.51 -0.019938
6635.18 -0.016739
6637.85 -0.016329
6640.52 -0.017643
6643.19 -0.017386
6645.86 -0.023768
6648.53 -0.016643
6651.20 -0.015673
6653.87 -0.018397
6656.54 -0.013398
6659.21 -0.006083
6661.88 -0.008636
6664.55 -0.007837
6667.22 -0.011516
6669.89 -0.010658
6672.56 -0.005873
6675.23 -0.003466
6677.90 -0.001104
6680.57 -0.007728
6683.24 -0.006387
6685.91 -0.005842
6688.58 -0.003314
6691.25 0.001589
6693.92 -0.004947
6696.59 -0.003731
6699.26 -0.001738
6701.93 -0.004428
6704.60 -0.001653
6707.27 -0.000858
6709.94 -0.005823
6712.61 -0.005749
6715.28 -0.005890
6717.95 -0.006037
6720.62 -0.005816
6723.29 -0.005779
6725.96 -0.005744
6728.63 -0.005639
6731.30 -0.005638
6733.97 -0.005584
6736.64 -0.005417
6739.31 -0.005250
6741.98 -0.005197
6744.65 -0.005172
6747.32 -0.005025
6749.99 -0.004956
6752.66 -0.004940
6755.33 -0.004888
6758.00 -0.004934
6760.67 -0.004839
6763.34 -0.004856
6766.01 -0.004785
6768.68 -0.004764
6771.35 -0.004768
6774.02 -0.004831
6776.69 -0.004743
6779.36 -0.004721
6782.03 -0.004727
6784.70 -0.004823
6787.37 -0.004879
6790.04 -0.004800
6792.71 -0.004775
6795.38 -0.004766
6798.05 -0.004665
6800.72 -0.004672
6803.39 -0.004719
6806.06 -0.004745
6808.73 -0.004659
6811.40 -0.004686
6814.07 -0.004693
6816.74 -0.004732
6819.41 -0.004826
6822.08 -0.004672
6824.75 -0.004714
6827.42 -0.004685
6830.09 -0.004755
6832.76 -0.004678
6835.43 -0.004670
6838.10 -0.004680
6840.77 -0.004698
6843.44 -0.004599
6846.11 -0.004581
6848.78 -0.004612
6851.45 -0.004561
6854.12 -0.004591
6856.79 -0.004624
6859.46 -0.004613
6862.13 -0.004512
6864.80 -0.004596
6867.47 -0.004725
6870.14 -0.004615
6872.81 -0.004700
6875.48 -0.004625
6878.15 -0.004644
6880.82 -0.004618
6883.49 -0.004614
6886.16 -0.004664
6888.83 -0.004403
6891.50 -0.004646
6894.17 -0.004627
6896.84 -0.004580
6899.51 -0.004605
6902.18 -0.004603
6904.85 -0.004504
6907.52 -0.004431
6910.19 -0.004705
6912.86 -0.004818
6915.53 -0.004849
6918.20 -0.004825
6920.87 -0.004620
6923.54 -0.004672
6926.21 -0.004592
6928.88 -0.004646
6931.55 -0.004670
6934.22 -0.004655
6936.89 -0.004689
6939.56 -0.004735
6942.23 -0.004545
6944.90 -0.004452
6947.57 -0.004456
6950.24 -0.004711
6952.91 -0.004812
6955.58 -0.004881
6958.25 -0.004794
6960.92 -0.004867
6963.59 -0.004878
6966.26 -0.004843
6968.93 -0.004941
6971.60 -0.004769
6974.27 -0.004926
6976.94 -0.005018
6979.61 -0.005097
6982.28 -0.005288
6984.95 -0.005192
6987.62 -0.005238
6990.29 -0.005104
6992.96 -0.005123
6995.63 -0.005208
6998.30 -0.005196
7000.97 -0.005128
7003.64 -0.005135
7006.31 -0.005149
7008.98 -0.004927
7011.65 -0.005122
7014.32 -0.005101
7016.99 -0.004983
7019.66 -0.005185
7022.33 -0.005073
7025.00 -0.005204
7027.67 -0.005294
7030.34 -0.005204
7033.01 -0.005224
7035.68 -0.005241
7038.35 -0.005340
7041.02 -0.005529
7043.69 -0.005354
7046.36 -0.005252
7049.03 -0.005443
7051.70 -0.005310
7054.37 -0.005132
7057.04 -0.004977
7059.71 -0.004978
7062.38 -0.005235
7065.05 -0.005458
7067.72 -0.005283
7070.39 -0.005167
7073.06 -0.004896
7075.73 -0.005118
7078.40 -0.005224
7081.07 -0.005290
7083.74 -0.005171
7086.41 -0.004907
7089.08 -0.004853
7091.75 -0.005146
7094.42 -0.005115
7097.09 -0.005033
7099.76 -0.004960
7102.43 -0.005005
7105.10 -0.005060
7107.77 -0.005273
7110.44 -0.005234
7113.11 -0.005277
7115.78 -0.005221
7118.45 -0.005370
7121.12 -0.005201
7123.79 -0.005254
7126.46 -0.005272
7129.13 -0.005305
7131.80 -0.005365
7134.47 -0.005270
7137.14 -0.005391
7139.81 -0.005279
7142.48 -0.005209
7145.15 -0.005195
7147.82 -0.005184
7150.49 -0.005192
7153.16 -0.005116
7155.83 -0.005083
7158.50 -0.005233
7161.17 -0.005115
7163.84 -0.005168
7166.51 -0.005011
7169.18 -0.005166
7171.85 -0.005163
7174.52 -0.005255
7177.19 -0.005212
7179.86 -0.005231
7182.53 -0.005302
7185.20 -0.005502
7187.87 -0.005336
7190.54 -0.005228
7193.21 -0.005063
7195.88 -0.005020
7198.55 -0.005324
7201.22 -0.004987
7203.89 -0.005032
7206.56 -0.004993
7209.23 -0.004987
7211.90 -0.005149
7214.57 -0.005158
7217.24 -0.005031
7219.91 -0.005100
7222.58 -0.005062
7225.25 -0.005194
7227.92 -0.005287
7230.59 -0.005099
7233.26 -0.005028
7235.93 -0.005146
7238.60 -0.005212
7241.27 -0.005148
7243.94 -0.005173
7246.61 -0.005053
7249.28 -0.005073
7251.95 -0.005126
7254.62 -0.005090
7257.29 -0.005111
7259.96 -0.005019
7262.63 -0.004958
7265.30 -0.005050
7267.97 -0.005015
7270.64 -0.005057
7273.31 -0.005175
7275.98 -0.005093
7278.65 -0.004976
7281.32 -0.004811
7283.99 -0.004909
7286.66 -0.005159
7289.33 -0.005192
7292.00 -0.004984
7294.67 -0.005024
7297.34 -0.005128
7300.01 -0.005058
7302.68 -0.005053
7305.35 -0.004996
7308.02 -0.005289
7310.69 -0.005065
7313.36 -0.005157
7316.03 -0.005143
7318.70 -0.005338
7321.37 -0.005380
7324.04 -0.005268
7326.71 -0.005291
7329.38 -0.005301
7332.05 -0.005191
7334.72 -0.005251
7337.39 -0.005231
7340.06 -0.005087
7342.73 -0.005149
7345.40 -0.005074
7348.07 -0.005084
7350.74 -0.005062
7353.41 -0.005016
7356.08 -0.004972
7358.75 -0.005230
7361.42 -0.005082
7364.09 -0.005126
7366.76 -0.005173
7369.43 -0.005158
7372.10 -0.005075
7374.77 -0.005168
7377.44 -0.004915
7380.11 -0.005203
7382.78 -0.005242
7385.45 -0.004962
7388.12 -0.005024
7390.79 -0.005018
7393.46 -0.005026
7396.13 -0.004952
7398.80 -0.004975
7401.47 -0.004815
7404.14 -0.005069
7406.81 -0.005016
7409.48 -0.004985
7412.15 -0.005109
7414.82 -0.004697
7417.49 -0.004881
7420.16 -0.005005
7422.83 -0.005176
7425.50 -0.005023
7428.17 -0.005042
7430.84 -0.004754
7433.51 -0.004810
7436.18 -0.004963
7438.85 -0.004839
7441.52 -0.004958
7444.19 -0.005062
7446.86 -0.004955
7449.53 -0.004809
7452.20 -0.004983
7454.87 -0.005009
7457.54 -0.005175
7460.21 -0.005224
7462.88 -0.005110
7465.55 -0.005231
7468.22 -0.005195
7470.89 -0.005181
7473.56 -0.005235
7476.23 -0.005261
7478.90 -0.005177
7481.57 -0.005225
7484.24 -0.005172
7486.91 -0.005163
7489.58 -0.005293
7492.25 -0.005196
7494.92 -0.005160
7497.59 -0.005132
