1500.00 -0.327202
1502.50 -0.325441
1505.00 -0.323693
1507.50 -0.321957
1510.00 -0.320234
1512.50 -0.318522
1515.01 -0.316823
1517.51 -0.315136
1520.01 -0.313461
1522.51 -0.311797
1525.01 -0.310145
1527.51 -0.308505
1530.01 -0.306877
1532.51 -0.305260
1535.01 -0.303654
1537.51 -0.302059
1540.01 -0.300475
1542.51 -0.298903
1545.02 -0.297341
1547.52 -0.295790
1550.02 -0.294250
1552.52 -0.292721
1555.02 -0.291202
1557.52 -0.289694
1560.02 -0.288196
1562.52 -0.286708
1565.02 -0.285230
1567.52 -0.283763
1570.02 -0.282305
1572.52 -0.280858
1575.03 -0.279421
1577.53 -0.277993
1580.03 -0.276575
1582.53 -0.275166
1585.03 -0.273767
1587.53 -0.272378
1590.03 -0.270998
1592.53 -0.269627
1595.03 -0.268265
1597.53 -0.266913
1600.03 -0.265570
1602.53 -0.264235
1605.04 -0.262910
1607.54 -0.261593
1610.04 -0.260286
1612.54 -0.258986
1615.04 -0.257696
1617.54 -0.256414
1620.04 -0.255141
1622.54 -0.253876
1625.04 -0.252619
1627.54 -0.251371
1630.04 -0.250131
1632.54 -0.248899
1635.05 -0.247675
1637.55 -0.246459
1640.05 -0.245251
1642.55 -0.244051
1645.05 -0.242859
1647.55 -0.241675
1650.05 -0.240498
1652.55 -0.239329
1655.05 -0.238168
1657.55 -0.237014
1660.05 -0.235867
1662.55 -0.234728
1665.06 -0.233596
1667.56 -0.232472
1670.06 -0.231355
1672.56 -0.230245
1675.06 -0.229142
1677.56 -0.228046
1680.06 -0.226957
1682.56 -0.225875
1685.06 -0.224800
1687.56 -0.223732
1690.06 -0.222671
1692.56 -0.221616
1695.07 -0.220568
1697.57 -0.219527
1700.07 -0.218492
1702.57 -0.217463
1705.07 -0.216442
1707.57 -0.215426
1710.07 -0.214417
1712.57 -0.213415
1715.07 -0.212418
1717.57 -0.211428
1720.07 -0.210444
1722.57 -0.209466
1725.08 -0.208495
1727.58 -0.207529
1730.08 -0.206569
1732.58 -0.205615
1735.08 -0.204667
1737.58 -0.203725
1740.08 -0.202789
1742.58 -0.201859
1745.08 -0.200934
1747.58 -0.200015
1750.08 -0.199102
1752.58 -0.198194
1755.09 -0.197292
1757.59 -0.196395
1760.09 -0.195504
1762.59 -0.194618
1765.09 -0.193737
1767.59 -0.192862
1770.09 -0.191992
1772.59 -0.191128
1775.09 -0.190268
1777.59 -0.189414
1780.09 -0.188565
1782.59 -0.187722
1785.10 -0.186883
1787.60 -0.186049
1790.10 -0.185220
1792.60 -0.184397
1795.10 -0.183578
1797.60 -0.182764
1800.10 -0.181955
1802.60 -0.181150
1805.10 -0.180351
1807.60 -0.179556
1810.10 -0.178766
1812.60 -0.177981
1815.11 -0.177200
1817.61 -0.176424
1820.11 -0.175652
1822.61 -0.174885
1825.11 -0.174123
1827.61 -0.173365
1830.11 -0.172611
1832.61 -0.171862
1835.11 -0.171118
1837.61 -0.170377
1840.11 -0.169641
1842.61 -0.168909
1845.12 -0.168182
1847.62 -0.167459
1850.12 -0.166739
1852.62 -0.166025
1855.12 -0.165314
1857.62 -0.164607
1860.12 -0.163904
1862.62 -0.163206
1865.12 -0.162511
1867.62 -0.161821
1870.12 -0.161134
1872.62 -0.160452
1875.13 -0.159773
1877.63 -0.159098
1880.13 -0.158427
1882.63 -0.157760
1885.13 -0.157097
1887.63 -0.156437
1890.13 -0.155781
1892.63 -0.155129
1895.13 -0.154481
1897.63 -0.153836
1900.13 -0.153195
1902.63 -0.152557
1905.14 -0.151923
1907.64 -0.151293
1910.14 -0.150666
1912.64 -0.150043
1915.14 -0.149423
1917.64 -0.148807
1920.14 -0.148194
1922.64 -0.147585
1925.14 -0.146978
1927.64 -0.146376
1930.14 -0.145776
1932.64 -0.145180
1935.15 -0.144588
1937.65 -0.143998
1940.15 -0.143412
1942.65 -0.142829
1945.15 -0.142250
1947.65 -0.141673
1950.15 -0.141100
1952.65 -0.140530
1955.15 -0.139963
1957.65 -0.139399
1960.15 -0.138838
1962.65 -0.138280
1965.16 -0.137726
1967.66 -0.137174
1970.16 -0.136625
1972.66 -0.136080
1975.16 -0.135537
1977.66 -0.134997
1980.16 -0.134460
1982.66 -0.133926
1985.16 -0.133395
1987.66 -0.132867
1990.16 -0.132342
1992.66 -0.131819
1995.17 -0.131300
1997.67 -0.130783
2000.17 -0.130269
2002.67 -0.129757
2005.17 -0.129249
2007.67 -0.128743
2010.17 -0.128239
2012.67 -0.127739
2015.17 -0.127241
2017.67 -0.126746
2020.17 -0.126253
2022.67 -0.125763
2025.18 -0.125276
2027.68 -0.124791
2030.18 -0.124309
2032.68 -0.123829
2035.18 -0.123352
2037.68 -0.122878
2040.18 -0.122406
2042.68 -0.121936
2045.18 -0.121469
2047.68 -0.121004
2050.18 -0.120542
2052.68 -0.120082
2055.19 -0.119624
2057.69 -0.119169
2060.19 -0.118717
2062.69 -0.118266
2065.19 -0.117818
2067.69 -0.117373
2070.19 -0.116929
2072.69 -0.116488
2075.19 -0.116049
2077.69 -0.115613
2080.19 -0.115179
2082.69 -0.114747
2085.20 -0.114317
2087.70 -0.113889
2090.20 -0.113464
2092.70 -0.113041
2095.20 -0.112620
2097.70 -0.112201
2100.20 -0.111784
2102.70 -0.111369
2105.20 -0.110957
2107.70 -0.110546
2110.20 -0.110138
2112.70 -0.109732
2115.21 -0.109328
2117.71 -0.108926
2120.21 -0.108525
2122.71 -0.108127
2125.21 -0.107731
2127.71 -0.107337
2130.21 -0.106945
2132.71 -0.106555
2135.21 -0.106167
2137.71 -0.105781
2140.21 -0.105397
2142.71 -0.105014
2145.22 -0.104634
2147.72 -0.104255
2150.22 -0.103879
2152.72 -0.103504
2155.22 -0.103131
2157.72 -0.102760
2160.22 -0.102391
2162.72 -0.102024
2165.22 -0.101658
2167.72 -0.101294
2170.22 -0.100933
2172.72 -0.100572
2175.23 -0.100214
2177.73 -0.099858
2180.23 -0.099503
2182.73 -0.099150
2185.23 -0.098798
2187.73 -0.098449
2190.23 -0.098101
2192.73 -0.097755
2195.23 -0.097410
2197.73 -0.097067
2200.23 -0.096726
2202.73 -0.096387
2205.24 -0.096049
2207.74 -0.095713
2210.24 -0.095378
2212.74 -0.095045
2215.24 -0.094714
2217.74 -0.094384
2220.24 -0.094056
2222.74 -0.093730
2225.24 -0.093405
2227.74 -0.093081
2230.24 -0.092760
2232.74 -0.092439
2235.25 -0.092121
2237.75 -0.091803
2240.25 -0.091488
2242.75 -0.091173
2245.25 -0.090861
2247.75 -0.090550
2250.25 -0.090240
2252.75 -0.089932
2255.25 -0.089625
2257.75 -0.089320
2260.25 -0.089016
2262.75 -0.088713
2265.26 -0.088413
2267.76 -0.088113
2270.26 -0.087815
2272.76 -0.087518
2275.26 -0.087223
2277.76 -0.086929
2280.26 -0.086636
2282.76 -0.086345
2285.26 -0.086055
2287.76 -0.085767
2290.26 -0.085480
2292.76 -0.085194
2295.27 -0.084910
2297.77 -0.084627
2300.27 -0.084345
2302.77 -0.084065
2305.27 -0.083786
2307.77 -0.083508
2310.27 -0.083231
2312.77 -0.082956
2315.27 -0.082682
2317.77 -0.082409
2320.27 -0.082138
2322.77 -0.081868
2325.28 -0.081599
2327.78 -0.081331
2330.28 -0.081065
2332.78 -0.080799
2335.28 -0.080535
2337.78 -0.080273
2340.28 -0.080011
2342.78 -0.079751
2345.28 -0.079491
2347.78 -0.079233
2350.28 -0.078976
2352.78 -0.078721
2355.29 -0.078466
2357.79 -0.078213
2360.29 -0.077961
2362.79 -0.077710
2365.29 -0.077460
2367.79 -0.077211
2370.29 -0.076963
2372.79 -0.076717
2375.29 -0.076472
2377.79 -0.076227
2380.29 -0.075984
2382.79 -0.075742
2385.30 -0.075501
2387.80 -0.075261
2390.30 -0.075022
2392.80 -0.074784
2395.30 -0.074548
2397.80 -0.074312
2400.30 -0.074077
2402.80 -0.073844
2405.30 -0.073611
2407.80 -0.073380
2410.30 -0.073150
2412.80 -0.072920
2415.31 -0.072692
2417.81 -0.072464
2420.31 -0.072238
2422.81 -0.072013
2425.31 -0.071788
2427.81 -0.071565
2430.31 -0.071343
2432.81 -0.071121
2435.31 -0.070901
2437.81 -0.070681
2440.31 -0.070463
2442.81 -0.070245
2445.32 -0.070029
2447.82 -0.069813
2450.32 -0.069598
2452.82 -0.069385
2455.32 -0.069172
2457.82 -0.068960
2460.32 -0.068749
2462.82 -0.068539
2465.32 -0.068330
2467.82 -0.068122
2470.32 -0.067914
2472.82 -0.067708
2486.00 -0.068083
2488.67 -0.065291
2491.34 -0.070144
2494.01 -0.062986
2496.68 -0.066482
2499.35 -0.063326
2502.02 -0.059950
2504.69 -0.058903
2507.36 -0.051850
2510.03 -0.055491
2512.70 -0.051929
2515.37 -0.053157
2518.04 -0.057990
2520.71 -0.062813
2523.38 -0.060635
2526.05 -0.057748
2528.72 -0.057362
2531.39 -0.053589
2534.06 -0.067669
2536.73 -0.056364
2539.40 -0.062129
2542.07 -0.054923
2544.74 -0.052228
2547.41 -0.053453
2550.08 -0.065140
2552.75 -0.045376
2555.42 -0.059363
2558.09 -0.051897
2560.76 -0.051747
2563.43 -0.066065
2566.10 -0.055313
2568.77 -0.065800
2571.44 -0.067749
2574.11 -0.061706
2576.78 -0.059255
2579.45 -0.063330
2582.12 -0.052654
2584.79 -0.067530
2587.46 -0.052411
2590.13 -0.051076
2592.80 -0.061209
2595.47 -0.045633
2598.14 -0.059569
2600.81 -0.059016
2603.48 -0.069733
2606.15 -0.070627
2608.82 -0.059476
2611.49 -0.055025
2614.16 -0.055764
2616.83 -0.043597
2619.50 -0.057867
2622.17 -0.059143
2624.84 -0.063458
2627.51 -0.055165
2630.18 -0.046586
2632.85 -0.044677
2635.52 -0.056522
2638.19 -0.038578
2640.86 -0.048546
2643.53 -0.046016
2646.20 -0.039043
2648.87 -0.044782
2651.54 -0.040630
2654.21 -0.048308
2656.88 -0.051816
2659.55 -0.041154
2662.22 -0.007311
2664.89 -0.037117
2667.56 -0.023847
2670.23 -0.035917
2672.90 -0.037123
2675.57 -0.028716
2678.24 -0.033042
2680.91 -0.021302
2683.58 -0.024811
2686.25 -0.036263
2688.92 -0.016955
2691.59 -0.016566
2694.26 -0.024642
2696.93 -0.026016
2699.60 -0.020832
2702.27 -0.016855
2704.94 -0.024740
2707.61 -0.025199
2710.28 -0.023931
2712.95 -0.019784
2715.62 -0.017495
2718.29 -0.024529
2720.96 -0.017309
2723.63 -0.015431
2726.30 -0.014325
2728.97 -0.013061
2731.64 -0.002519
2734.31 -0.014722
2736.98 0.006938
2739.65 0.003162
2742.32 -0.005016
2744.99 0.007498
2747.66 0.003619
2750.33 -0.004714
2753.00 0.005711
2755.67 0.002054
2758.34 -0.001272
2761.01 0.004390
2763.68 0.011759
2766.35 0.018013
2769.02 0.011861
2771.69 0.015507
2774.36 0.030599
2777.03 0.038095
2779.70 0.055839
2782.37 0.056925
2785.04 0.060366
2787.71 0.080309
2790.38 0.111288
2793.05 0.134093
2795.72 0.140354
2798.39 0.122368
2801.06 0.127024
2803.73 0.121324
2806.40 0.117716
2809.07 0.094413
2811.74 0.090388
2814.41 0.095708
2817.08 0.078939
2819.75 0.057740
2822.42 0.066846
2825.09 0.052186
2827.76 0.050573
2830.43 0.039468
2833.10 0.036831
2835.77 0.043208
2838.44 0.031805
2841.11 0.027500
2843.78 0.019198
2846.45 0.020892
2849.12 0.010581
2851.79 0.012354
2854.46 0.013694
2857.13 -0.004112
2859.80 -0.006716
2862.47 -0.008069
2865.14 -0.001476
2867.81 0.000802
2870.48 -0.009719
2873.15 -0.002584
2875.82 0.005677
2878.49 -0.010554
2881.16 -0.008203
2883.83 0.001413
2886.50 -0.002965
2889.17 -0.010231
2891.84 0.004615
2894.51 -0.007770
2897.18 -0.012303
2899.85 -0.005718
2902.52 0.000349
2905.19 -0.009632
2907.86 -0.010023
2910.53 -0.007220
2913.20 -0.005474
2915.87 -0.007746
2918.54 -0.005313
2921.21 -0.003154
2923.88 -0.003121
2926.55 0.000130
2929.22 -0.000284
2931.89 0.002027
2934.56 0.000619
2937.23 0.008997
2939.90 0.002932
2942.57 0.001219
2945.24 0.006865
2947.91 0.004450
2950.58 0.009370
2953.25 -0.002544
2955.92 -0.002387
2958.59 -0.001944
2961.26 0.016809
2963.93 0.018628
2966.60 0.015346
2969.27 0.013181
2971.94 0.015209
2974.61 0.006231
2977.28 0.012936
2979.95 0.009919
2982.62 0.015618
2985.29 0.010165
2987.96 0.005900
2990.63 0.009563
2993.30 0.008564
2995.97 0.007308
2998.64 0.011546
3001.31 0.006820
3003.98 0.009100
3006.65 0.019895
3009.32 0.018525
3011.99 0.017832
3014.66 0.016170
3017.33 0.013650
3020.00 0.010126
3022.67 0.013045
3025.34 0.003491
3028.01 0.009145
3030.68 0.009569
3033.35 0.007096
3036.02 0.015007
3038.69 0.013816
3041.36 0.014316
3044.03 0.018940
3046.70 -0.001838
3049.37 0.016469
3052.04 0.013870
3054.71 0.016487
3057.38 0.007065
3060.05 0.004638
3062.72 0.015842
3065.39 0.012763
3068.06 0.008027
3070.73 0.011849
3073.40 0.011781
3076.07 0.009744
3078.74 0.011124
3081.41 0.014427
3084.08 0.013595
3086.75 0.015972
3089.42 0.020477
3092.09 0.020899
3094.76 0.007871
3097.43 0.020140
3100.10 0.016822
3102.77 0.015111
3105.44 0.017186
3108.11 0.015179
3110.78 0.015517
3113.45 0.020208
3116.12 0.019543
3118.79 0.022394
3121.46 0.019811
3124.13 0.029818
3126.80 0.030507
3129.47 0.035940
3132.14 0.037199
3134.81 0.033670
3137.48 0.022454
3140.15 0.021317
3142.82 0.020118
3145.49 0.021279
3148.16 0.020474
3150.83 0.025058
3153.50 0.025423
3156.17 0.016863
3158.84 0.016363
3161.51 0.021977
3164.18 0.014128
3166.85 0.022576
3169.52 0.011806
3172.19 0.022991
3174.86 0.018157
3177.53 0.016317
3180.20 0.020191
3182.87 0.020322
3185.54 0.020163
3188.21 0.020740
3190.88 0.023664
3193.55 0.028436
3196.22 0.022749
3198.89 0.023712
3201.56 0.030592
3204.23 0.026715
3206.90 0.028165
3209.57 0.021015
3212.24 0.018155
3214.91 0.021389
3217.58 0.015496
3220.25 0.020817
3222.92 0.014103
3225.59 0.018458
3228.26 0.021207
3230.93 0.020563
3233.60 0.016231
3236.27 0.012658
3238.94 0.018295
3241.61 0.018557
3244.28 0.021577
3246.95 0.017973
3249.62 0.019126
3252.29 0.016366
3254.96 0.016720
3257.63 0.010407
3260.30 0.015751
3262.97 0.015961
3265.64 0.027739
3268.31 0.014190
3270.98 0.023161
3273.65 0.015000
3276.32 0.017147
3278.99 0.016487
3281.66 0.015691
3284.33 0.015279
3287.00 0.016539
3289.67 0.016856
3292.34 0.021594
3295.01 0.015473
3297.68 0.019815
3300.35 0.014193
3303.02 0.010213
3305.69 0.015427
3308.36 0.020036
3311.03 0.023803
3313.70 0.013893
3316.37 0.009528
3319.04 0.018611
3321.71 0.021670
3324.38 0.018307
3327.05 0.016640
3329.72 0.015322
3332.39 0.016476
3335.06 0.021166
3337.73 0.028824
3340.40 0.023136
3343.07 0.031549
3345.74 0.033548
3348.41 0.024729
3351.08 0.017691
3353.75 0.017691
3356.42 0.010639
3359.09 0.016465
3361.76 0.013292
3364.43 0.014681
3367.10 0.010589
3369.77 0.009953
3372.44 0.008710
3375.11 0.008413
3377.78 0.014166
3380.45 0.011142
3383.12 0.014235
3385.79 0.016239
3388.46 0.019877
3391.13 0.017244
3393.80 0.020198
3396.47 0.021853
3399.14 0.023663
3401.81 0.020280
3404.48 0.026026
3407.15 0.023976
3409.82 0.025846
3412.49 0.025135
3415.16 0.031982
3417.83 0.030075
3420.50 0.038988
3423.17 0.058691
3425.84 0.069185
3428.51 0.051653
3431.18 0.036607
3433.85 0.026620
3436.52 0.028907
3439.19 0.030442
3441.86 0.021443
3444.53 0.027286
3447.20 0.025496
3449.87 0.020060
3452.54 0.019158
3455.21 0.019907
3457.88 0.019479
3460.55 0.018289
3463.22 0.019994
3465.89 0.016827
3468.56 0.017415
3471.23 0.014068
3473.90 0.014464
3476.57 0.022019
3479.24 0.019933
3481.91 0.019366
3484.58 0.017295
3487.25 0.016887
3489.92 0.016270
3492.59 0.015875
3495.26 0.016860
3497.93 0.019740
3500.60 0.016647
3503.27 0.015891
3505.94 0.010127
3508.61 0.019206
3511.28 0.017396
3513.95 0.015419
3516.62 0.011588
3519.29 0.014935
3521.96 0.018069
3524.63 0.013911
3527.30 0.014793
3529.97 0.015892
3532.64 0.015480
3535.31 0.017877
3537.98 0.018901
3540.65 0.013024
3543.32 0.023067
3545.99 0.017923
3548.66 0.018745
3551.33 0.021157
3554.00 0.014316
3556.67 0.021205
3559.34 0.022642
3562.01 0.018272
3564.68 0.018606
3567.35 0.016940
3570.02 0.023329
3572.69 0.016056
3575.36 0.022629
3578.03 0.018586
3580.70 0.023771
3583.37 0.020673
3586.04 0.018940
3588.71 0.018850
3591.38 0.022220
3594.05 0.019266
3596.72 0.017731
3599.39 0.020869
3602.06 0.017314
3604.73 0.018761
3607.40 0.019353
3610.07 0.020956
3612.74 0.022703
3615.41 0.017394
3618.08 0.019885
3620.75 0.021327
3623.42 0.018476
3626.09 0.023347
3628.76 0.018294
3631.43 0.023899
3634.10 0.023735
3636.77 0.021078
3639.44 0.014733
3642.11 0.024837
3644.78 0.016967
3647.45 0.024319
3650.12 0.023506
3652.79 0.020032
3655.46 0.019694
3658.13 0.021300
3660.80 0.024184
3663.47 0.021233
3666.14 0.020481
3668.81 0.020402
3671.48 0.026384
3674.15 0.021552
3676.82 0.025273
3679.49 0.020842
3682.16 0.021034
3684.83 0.015941
3687.50 0.018079
3690.17 0.019567
3692.84 0.017462
3695.51 0.022719
3698.18 0.021258
3700.85 0.020653
3703.52 0.018628
3706.19 0.017906
3708.86 0.013562
3711.53 0.017708
3714.20 0.015839
3716.87 0.015604
3719.54 0.014304
3722.21 0.022499
3724.88 0.038076
3727.55 0.065896
3730.22 0.055737
3732.89 0.030816
3735.56 0.019561
3738.23 0.016153
3740.90 0.017370
3743.57 0.013033
3746.24 0.009198
3748.91 0.014289
3751.58 0.015591
3754.25 0.014881
3756.92 0.018667
3759.59 0.016556
3762.26 0.015800
3764.93 0.010691
3767.60 0.006970
3770.27 0.011863
3772.94 0.009297
3775.61 0.010432
3778.28 0.008609
3780.95 0.008501
3783.62 0.009995
3786.29 0.007826
3788.96 0.003817
3791.63 0.009677
3794.30 0.014024
3796.97 0.012004
3799.64 0.010690
3802.31 0.003953
3804.98 0.006171
3807.65 0.002631
3810.32 0.001752
3812.99 0.006362
3815.66 0.006607
3818.33 0.003999
3821.00 0.006351
3823.67 0.003724
3826.34 0.001992
3829.01 0.003190
3831.68 0.006524
3834.35 0.009078
3837.02 0.003615
3839.69 0.003882
3842.36 0.003169
3845.03 -0.001965
3847.70 0.002479
3850.37 0.003275
3853.04 0.006720
3855.71 0.006456
3858.38 -0.003485
3861.05 0.010543
3863.72 0.019859
3866.39 0.033944
3869.06 0.053412
3871.73 0.033019
3874.40 0.018262
3877.07 0.011624
3879.74 0.006405
3882.41 0.010718
3885.08 0.013905
3887.75 0.011292
3890.42 0.011451
3893.09 0.006746
3895.76 0.007250
3898.43 0.002691
3901.10 0.003028
3903.77 0.001959
3906.44 0.001034
3909.11 0.003318
3911.78 0.002149
3914.45 -0.000828
3917.12 -0.005830
3919.79 -0.005802
3922.46 -0.006229
3925.13 -0.000103
3927.80 -0.004821
3930.47 -0.001614
3933.14 -0.003466
3935.81 -0.002924
3938.48 -0.001879
3941.15 -0.004487
3943.82 -0.004799
3946.49 0.001766
3949.16 -0.002439
3951.83 -0.002247
3954.50 0.000210
3957.17 -0.000853
3959.84 0.008866
3962.51 0.006544
3965.18 0.016075
3967.85 0.023526
3970.52 0.020072
3973.19 0.010288
3975.86 0.004633
3978.53 0.000561
3981.20 0.004805
3983.87 0.001642
3986.54 -0.001190
3989.21 0.001659
3991.88 -0.004342
3994.55 -0.003959
3997.22 -0.001513
3999.89 -0.007232
4002.56 -0.008345
4005.23 -0.007522
4007.90 -0.010308
4010.57 -0.011139
4013.24 -0.010549
4015.91 -0.009854
4018.58 -0.010385
4021.25 -0.009348
4023.92 -0.009988
4026.59 -0.013799
4029.26 -0.010104
4031.93 -0.010965
4034.60 -0.012392
4037.27 -0.010353
4039.94 -0.015419
4042.61 -0.012380
4045.28 -0.006459
4047.95 -0.011071
4050.62 -0.009552
4053.29 -0.009989
4055.96 -0.009548
4058.63 -0.015806
4061.30 -0.010415
4063.97 -0.007117
4066.64 -0.005154
4069.31 -0.006389
4071.98 -0.005833
4074.65 -0.009702
4077.32 -0.005828
4079.99 -0.004340
4082.66 -0.005174
4085.33 -0.004715
4088.00 -0.004650
4090.67 0.002783
4093.34 0.002679
4096.01 0.008270
4098.68 0.011431
4101.35 0.016147
4104.02 0.016079
4106.69 0.012275
4109.36 0.005361
4112.03 0.003941
4114.70 0.001521
4117.37 -0.002269
4120.04 -0.005821
4122.71 -0.000708
4125.38 -0.002610
4128.05 -0.003142
4130.72 -0.004005
4133.39 -0.000544
4136.06 -0.009852
4138.73 -0.000655
4141.40 -0.003140
4144.07 -0.005018
4146.74 -0.007901
4149.41 -0.010749
4152.08 -0.011321
4154.75 -0.011825
4157.42 -0.009092
4160.09 -0.009862
4162.76 -0.015073
4165.43 -0.014866
4168.10 -0.015188
4170.77 -0.012472
4173.44 -0.016456
4176.11 -0.016266
4178.78 -0.013147
4181.45 -0.019777
4184.12 -0.012659
4186.79 -0.015328
4189.46 -0.015192
4192.13 -0.016402
4194.80 -0.015378
4197.47 -0.019990
4200.14 -0.018172
4202.81 -0.019212
4205.48 -0.018594
4208.15 -0.019292
4210.82 -0.015847
4213.49 -0.021523
4216.16 -0.021886
4218.83 -0.021099
4221.50 -0.014250
4224.17 -0.017728
4226.84 -0.018551
4229.51 -0.019725
4232.18 -0.018007
4234.85 -0.017215
4237.52 -0.020614
4240.19 -0.019544
4242.86 -0.018962
4245.53 -0.020947
4248.20 -0.018516
4250.87 -0.019974
4253.54 -0.018696
4256.21 -0.018609
4258.88 -0.018851
4261.55 -0.021478
4264.22 -0.018340
4266.89 -0.019731
4269.56 -0.019543
4272.23 -0.018769
4274.90 -0.024209
4277.57 -0.022905
4280.24 -0.021337
4282.91 -0.019781
4285.58 -0.020157
4288.25 -0.019593
4290.92 -0.019226
4293.59 -0.015856
4296.26 -0.013507
4298.93 -0.015507
4301.60 -0.018174
4304.27 -0.017457
4306.94 -0.012927
4309.61 -0.012585
4312.28 -0.014847
4314.95 -0.007854
4317.62 -0.005998
4320.29 -0.003510
4322.96 -0.004424
4325.63 -0.000798
4328.30 -0.000783
4330.97 0.006639
4333.64 0.012951
4336.31 0.013824
4338.98 0.025862
4341.65 0.029776
4344.32 0.024372
4346.99 0.013616
4349.66 0.017166
4352.33 0.009588
4355.00 0.011858
4357.67 0.014956
4360.34 0.013630
4363.01 0.013797
4365.68 0.012548
4368.35 0.013588
4371.02 0.001900
4373.69 0.002899
4376.36 -0.001804
4379.03 -0.001186
4381.70 -0.005781
4384.37 -0.004563
4387.04 -0.009829
4389.71 -0.008908
4392.38 -0.010421
4395.05 -0.009217
4397.72 -0.015272
4400.39 -0.015053
4403.06 -0.014863
4405.73 -0.010456
4408.40 -0.010840
4411.07 -0.011387
4413.74 -0.013685
4416.41 -0.014691
4419.08 -0.015229
4421.75 -0.015953
4424.42 -0.011269
4427.09 -0.016821
4429.76 -0.015700
4432.43 -0.014569
4435.10 -0.015446
4437.77 -0.017919
4440.44 -0.018306
4443.11 -0.021472
4445.78 -0.016933
4448.45 -0.019320
4451.12 -0.016544
4453.79 -0.019727
4456.46 -0.019724
4459.13 -0.018837
4461.80 -0.018861
4464.47 -0.017936
4467.14 -0.017107
4469.81 -0.015233
4472.48 -0.017489
4475.15 -0.018319
4477.82 -0.019196
4480.49 -0.017415
4483.16 -0.016778
4485.83 -0.020393
4488.50 -0.020771
4491.17 -0.019757
4493.84 -0.020862
4496.51 -0.020548
4499.18 -0.022161
4501.85 -0.021428
4504.52 -0.015159
4507.19 -0.018089
4509.86 -0.017860
4512.53 -0.017630
4515.20 -0.017423
4517.87 -0.016748
4520.54 -0.020420
4523.21 -0.021211
4525.88 -0.017711
4528.55 -0.018673
4531.22 -0.019122
4533.89 -0.019276
4536.56 -0.019385
4539.23 -0.016701
4541.90 -0.020345
4544.57 -0.019677
4547.24 -0.017140
4549.91 -0.016739
4552.58 -0.018529
4555.25 -0.016855
4557.92 -0.019314
4560.59 -0.019774
4563.26 -0.021746
4565.93 -0.018917
4568.60 -0.018333
4571.27 -0.016379
4573.94 -0.019050
4576.61 -0.017383
4579.28 -0.019277
4581.95 -0.018435
4584.62 -0.019116
4587.29 -0.018778
4589.96 -0.018656
4592.63 -0.018814
4595.30 -0.017350
4597.97 -0.018393
4600.64 -0.017165
4603.31 -0.015649
4605.98 -0.013674
4608.65 -0.016264
4611.32 -0.017711
4613.99 -0.017763
4616.66 -0.019640
4619.33 -0.017184
4622.00 -0.013373
4624.67 -0.015437
4627.34 -0.015752
4630.01 -0.014814
4632.68 -0.015441
4635.35 -0.011569
4638.02 -0.013867
4640.69 -0.016822
4643.36 -0.013180
4646.03 -0.013734
4648.70 -0.009427
4651.37 -0.010928
4654.04 -0.012128
4656.71 -0.010771
4659.38 -0.008467
4662.05 -0.008382
4664.72 -0.009600
4667.39 -0.010880
4670.06 -0.010984
4672.73 -0.009460
4675.40 -0.006002
4678.07 -0.003575
4680.74 -0.004008
4683.41 0.003110
4686.08 0.003194
4688.75 -0.000848
4691.42 -0.002579
4694.09 -0.007624
4696.76 -0.006705
4699.43 -0.007092
4702.10 -0.007368
4704.77 -0.007375
4707.44 -0.007927
4710.11 -0.006280
4712.78 -0.006076
4715.45 -0.007239
4718.12 -0.008754
4720.79 -0.007692
4723.46 -0.007151
4726.13 -0.008705
4728.80 -0.010531
4731.47 -0.012342
4734.14 -0.008358
4736.81 -0.011216
4739.48 -0.008368
4742.15 -0.008966
4744.82 -0.007246
4747.49 -0.011218
4750.16 -0.009123
4752.83 -0.013218
4755.50 -0.010934
4758.17 -0.008201
4760.84 -0.009874
4763.51 -0.011671
4766.18 -0.014325
4768.85 -0.012304
4771.52 -0.010358
4774.19 -0.012470
4776.86 -0.009091
4779.53 -0.010190
4782.20 -0.013737
4784.87 -0.020867
4787.54 -0.017592
4790.21 -0.014221
4792.88 -0.010566
4795.55 -0.013480
4798.22 -0.011257
4800.89 -0.010794
4803.56 -0.009557
4806.23 -0.008882
4808.90 -0.007663
4811.57 -0.007500
4814.24 -0.004258
4816.91 -0.004789
4819.58 -0.005147
4822.25 -0.000518
4824.92 -0.000968
4827.59 0.000293
4830.26 0.002745
4832.93 0.005485
4835.60 0.008266
4838.27 0.012242
4840.94 0.014812
4843.61 0.021266
4846.28 0.025871
4848.95 0.029391
4851.62 0.032217
4854.29 0.046579
4856.96 0.060616
4859.63 0.075147
4862.30 0.082587
4864.97 0.066304
4867.64 0.046963
4870.31 0.041803
4872.98 0.039863
4875.65 0.038711
4878.32 0.034000
4880.99 0.032937
4883.66 0.027310
4886.33 0.026573
4889.00 0.024910
4891.67 0.022982
4894.34 0.016060
4897.01 0.017599
4899.68 0.016229
4902.35 0.014121
4905.02 0.012203
4907.69 0.014251
4910.36 0.010916
4913.03 0.008548
4915.70 0.005917
4918.37 0.007642
4921.04 0.004615
4923.71 0.004802
4926.38 0.002250
4929.05 0.003549
4931.72 0.001301
4934.39 0.001535
4937.06 0.002811
4939.73 0.002637
4942.40 0.003272
4945.07 0.001468
4947.74 0.005215
4950.41 0.008525
4953.08 0.021648
4955.75 0.051978
4958.42 0.094951
4961.09 0.082802
4963.76 0.037679
4966.43 0.010384
4969.10 0.001953
4971.77 0.001949
4974.44 -0.002913
4977.11 -0.006801
4979.78 -0.002832
4982.45 -0.005346
4985.12 -0.006904
4987.79 -0.002414
4990.46 -0.001173
4993.13 0.005627
4995.80 0.013704
4998.47 0.034280
5001.14 0.076997
5003.81 0.180852
5006.48 0.294929
5009.15 0.251405
5011.82 0.118527
5014.49 0.050922
5017.16 0.013695
5019.83 0.000287
5022.50 -0.001216
5025.17 -0.007406
5027.84 -0.010755
5030.51 -0.009310
5033.18 -0.007032
5035.85 -0.010725
5038.52 -0.011391
5041.19 -0.009433
5043.86 -0.010040
5046.53 -0.009032
5049.20 -0.009640
5051.87 -0.008860
5054.54 -0.013138
5057.21 -0.010579
5059.88 -0.008120
5062.55 -0.009566
5065.22 -0.009019
5067.89 -0.007717
5070.56 -0.008315
5073.23 -0.010139
5075.90 -0.009122
5078.57 -0.012420
5081.24 -0.013820
5083.91 -0.012443
5086.58 -0.010174
5089.25 -0.010219
5091.92 -0.012770
5094.59 -0.016740
5097.26 -0.015091
5099.93 -0.016821
5102.60 -0.009931
5105.27 -0.014581
5107.94 -0.015598
5110.61 -0.017229
5113.28 -0.014314
5115.95 -0.014608
5118.62 -0.010720
5121.29 -0.014027
5123.96 -0.015381
5126.63 -0.013974
5129.30 -0.014969
5131.97 -0.018042
5134.64 -0.015326
5137.31 -0.016477
5139.98 -0.016348
5142.65 -0.017021
5145.32 -0.013003
5147.99 -0.015348
5150.66 -0.010489
5153.33 -0.012467
5156.00 -0.015622
5158.67 -0.013571
5161.34 -0.012860
5164.01 -0.012451
5166.68 -0.015600
5169.35 -0.010321
5172.02 -0.011611
5174.69 -0.015556
5177.36 -0.011613
5180.03 -0.013673
5182.70 -0.013249
5185.37 -0.017310
5188.04 -0.013646
5190.71 -0.016476
5193.38 -0.016422
5196.05 -0.014119
5198.72 -0.013434
5201.39 -0.012923
5204.06 -0.018624
5206.73 -0.014336
5209.40 -0.016163
5212.07 -0.017898
5214.74 -0.017507
5217.41 -0.015194
5220.08 -0.016549
5222.75 -0.015929
5225.42 -0.014381
5228.09 -0.017954
5230.76 -0.015629
5233.43 -0.020017
5236.10 -0.017560
5238.77 -0.019655
5241.44 -0.018347
5244.11 -0.017465
5246.78 -0.018787
5249.45 -0.016389
5252.12 -0.016833
5254.79 -0.018701
5257.46 -0.018846
5260.13 -0.016494
5262.80 -0.016878
5265.47 -0.017277
5268.14 -0.014528
5270.81 -0.014843
5273.48 -0.017248
5276.15 -0.017569
5278.82 -0.019843
5281.49 -0.018021
5284.16 -0.017776
5286.83 -0.015406
5289.50 -0.016527
5292.17 -0.017417
5294.84 -0.016280
5297.51 -0.016298
5300.18 -0.015971
5302.85 -0.014725
5305.52 -0.014314
5308.19 -0.012997
5310.86 -0.014700
5313.53 -0.017400
5316.20 -0.018491
5318.87 -0.020138
5321.54 -0.019845
5324.21 -0.014426
5326.88 -0.014367
5329.55 -0.013175
5332.22 -0.011626
5334.89 -0.019567
5337.56 -0.014399
5340.23 -0.014692
5342.90 -0.012329
5345.57 -0.015265
5348.24 -0.014213
5350.91 -0.013901
5353.58 -0.014953
5356.25 -0.013895
5358.92 -0.015642
5361.59 -0.013888
5364.26 -0.015302
5366.93 -0.016207
5369.60 -0.015714
5372.27 -0.014626
5374.94 -0.013227
5377.61 -0.018534
5380.28 -0.015025
5382.95 -0.012977
5385.62 -0.014875
5388.29 -0.016855
5390.96 -0.015193
5393.63 -0.014178
5396.30 -0.013750
5398.97 -0.013352
5401.64 -0.011136
5404.31 -0.014005
5406.98 -0.018037
5409.65 -0.014039
5412.32 -0.012181
5414.99 -0.011810
5417.66 -0.016820
5420.33 -0.014885
5423.00 -0.012220
5425.67 -0.011952
5428.34 -0.016077
5431.01 -0.016501
5433.68 -0.014844
5436.35 -0.017526
5439.02 -0.014618
5441.69 -0.017315
5444.36 -0.012061
5447.03 -0.012371
5449.70 -0.015928
5452.37 -0.014824
5455.04 -0.009690
5457.71 -0.012683
5460.38 -0.016053
5463.05 -0.010596
5465.72 -0.013577
5468.39 -0.012171
5471.06 -0.012183
5473.73 -0.010888
5476.40 -0.014306
5479.07 -0.008751
5481.74 -0.013756
5484.41 -0.013382
5487.08 -0.015471
5489.75 -0.009359
5492.42 -0.012986
5495.09 -0.010620
5497.76 -0.015008
5500.43 -0.016114
5503.10 -0.016473
5505.77 -0.011809
5508.44 -0.013187
5511.11 -0.014789
5513.78 -0.011378
5516.45 -0.012551
5519.12 -0.010371
5521.79 -0.013688
5524.46 -0.010712
5527.13 -0.011141
5529.80 -0.015793
5532.47 -0.017418
5535.14 -0.017262
5537.81 -0.016681
5540.48 -0.017153
5543.15 -0.016186
5545.82 -0.013263
5548.49 -0.013028
5551.16 -0.012431
5553.83 -0.011614
5556.50 -0.010002
5559.17 -0.011771
5561.84 -0.015735
5564.51 -0.012286
5567.18 -0.011157
5569.85 -0.012660
5572.52 -0.010111
5575.19 -0.010227
5577.86 -0.011652
5580.53 -0.008424
5583.20 -0.008675
5585.87 -0.009030
5588.54 -0.008929
5591.21 -0.012785
5593.88 -0.012696
5596.55 -0.009761
5599.22 -0.010109
5601.89 -0.013153
5604.56 -0.010547
5607.23 -0.013388
5609.90 -0.012121
5612.57 -0.010389
5615.24 -0.006466
5617.91 -0.010747
5620.58 -0.011170
5623.25 -0.010001
5625.92 -0.007940
5628.59 -0.013720
5631.26 -0.009808
5633.93 -0.014947
5636.60 -0.008710
5639.27 -0.013634
5641.94 -0.010221
5644.61 -0.013986
5647.28 -0.011368
5649.95 -0.012060
5652.62 -0.012211
5655.29 -0.012611
5657.96 -0.013748
5660.63 -0.011068
5663.30 -0.009686
5665.97 -0.008981
5668.64 -0.014875
5671.31 -0.016110
5673.98 -0.012017
5676.65 -0.012578
5679.32 -0.012239
5681.99 -0.010013
5684.66 -0.012326
5687.33 -0.005949
5690.00 -0.009965
5692.67 -0.010517
5695.34 -0.004034
5698.01 -0.009831
5700.68 -0.007428
5703.35 -0.006666
5706.02 -0.008633
5708.69 -0.008326
5711.36 -0.005778
5714.03 -0.008626
5716.70 -0.008711
5719.37 -0.003707
5722.04 -0.009805
5724.71 -0.010446
5727.38 -0.010056
5730.05 -0.008135
5732.72 -0.011460
5735.39 -0.011583
5738.06 -0.012372
5740.73 -0.008319
5743.40 -0.006976
5746.07 -0.010950
5748.74 -0.015596
5751.41 -0.009727
5754.08 -0.011255
5756.75 -0.008081
5759.42 -0.005257
5762.09 0.000578
5764.76 -0.006551
5767.43 -0.011599
5770.10 -0.008537
5772.77 -0.011424
5775.44 -0.011280
5778.11 -0.012853
5780.78 -0.011463
5783.45 -0.015526
5786.12 -0.009943
5788.79 -0.012514
5791.46 -0.010631
5794.13 -0.013380
5796.80 -0.011252
5799.47 -0.009762
5802.14 -0.009211
5804.81 -0.008404
5807.48 -0.007920
5810.15 -0.005476
5812.82 -0.009347
5815.49 -0.005046
5818.16 -0.005469
5820.83 -0.008021
5823.50 -0.011600
5826.17 -0.010655
5828.84 -0.008776
5831.51 -0.016261
5834.18 -0.010986
5836.85 -0.006332
5839.52 -0.006407
5842.19 -0.006436
5844.86 -0.010118
5847.53 -0.007369
5850.20 -0.008465
5852.87 -0.008487
5855.54 -0.006551
5858.21 -0.009021
5860.88 -0.002248
5863.55 -0.000252
5866.22 -0.000008
5868.89 -0.004910
5871.56 -0.002520
5874.23 0.002043
5876.90 0.006026
5879.57 0.009477
5882.24 0.003036
5884.91 0.000353
5887.58 0.004636
5890.25 0.004672
5892.92 0.000260
5895.59 -0.001394
5898.26 -0.003574
5900.93 -0.003505
5903.60 -0.002075
5906.27 -0.004764
5908.94 -0.003444
5911.61 -0.002548
5914.28 -0.005822
5916.95 -0.005869
5919.62 -0.007741
5922.29 -0.009385
5924.96 -0.005727
5927.63 -0.007781
5930.30 -0.005514
5932.97 -0.003128
5935.64 -0.000634
5938.31 -0.002141
5940.98 -0.005424
5943.65 -0.002774
5946.32 -0.007089
5948.99 -0.006501
5951.66 -0.006656
5954.33 -0.004425
5957.00 -0.007688
5959.67 -0.004950
5962.34 -0.011463
5965.01 -0.010858
5967.68 -0.008665
5970.35 -0.007985
5973.02 -0.003151
5975.69 -0.005822
5978.36 -0.012971
5981.03 -0.005989
5983.70 -0.010597
5986.37 -0.009001
5989.04 -0.008200
5991.71 -0.013718
5994.38 -0.010287
5997.05 -0.008505
5999.72 -0.008717
6002.39 -0.015999
6005.06 -0.010531
6007.73 -0.011234
6010.40 -0.007616
6013.07 -0.007731
6015.74 -0.015626
6018.41 -0.004738
6021.08 -0.004634
6023.75 -0.000526
6026.42 -0.006804
6029.09 -0.008310
6031.76 -0.007403
6034.43 -0.000626
6037.10 -0.006548
6039.77 -0.012194
6042.44 -0.009746
6045.11 -0.006134
6047.78 -0.005213
6050.45 -0.014603
6053.12 -0.009582
6055.79 -0.003696
6058.46 -0.010900
6061.13 -0.012234
6063.80 -0.011048
6066.47 -0.013764
6069.14 -0.009551
6071.81 -0.008974
6074.48 -0.007174
6077.15 -0.009135
6079.82 -0.005447
6082.49 -0.007943
6085.16 -0.007404
6087.83 -0.006947
6090.50 -0.007084
6093.17 -0.005725
6095.84 -0.007057
6098.51 -0.009123
6101.18 -0.007950
6103.85 -0.010851
6106.52 -0.005597
6109.19 -0.006855
6111.86 -0.005687
6114.53 -0.005127
6117.20 -0.008126
6119.87 -0.005034
6122.54 -0.006347
6125.21 -0.007416
6127.88 -0.006817
6130.55 -0.011692
6133.22 -0.005936
6135.89 -0.010886
6138.56 -0.013691
6141.23 -0.009653
6143.90 -0.005520
6146.57 -0.009491
6149.24 -0.009166
6151.91 -0.007628
6154.58 -0.005383
6157.25 -0.009765
6159.92 -0.008101
6162.59 -0.010088
6165.26 -0.010541
6167.93 -0.010529
6170.60 -0.011537
6173.27 -0.009796
6175.94 -0.012411
6178.61 -0.005350
6181.28 -0.008849
6183.95 -0.003310
6186.62 -0.006504
6189.29 -0.011902
6191.96 -0.009699
6194.63 -0.007960
6197.30 -0.010261
6199.97 -0.008095
6202.64 -0.012135
6205.31 -0.006434
6207.98 -0.010190
6210.65 -0.009615
6213.32 -0.007013
6215.99 -0.006574
6218.66 -0.010140
6221.33 -0.009958
6224.00 -0.006262
6226.67 -0.009781
6229.34 -0.025460
6232.01 -0.026082
6234.68 -0.030536
6237.35 -0.009889
6240.02 -0.009730
6242.69 -0.004270
6245.36 -0.005866
6248.03 -0.009003
6250.70 -0.009386
6253.37 -0.014272
6256.04 -0.010915
6258.71 -0.011941
6261.38 0.001152
6264.05 -0.013854
6266.72 -0.013551
6269.39 -0.011791
6272.06 -0.012647
6274.73 -0.013385
6277.40 -0.014542
6280.07 -0.013679
6282.74 -0.012749
6285.41 -0.012846
6288.08 -0.017368
6290.75 0.003409
6293.42 -0.008353
6296.09 -0.011037
6298.76 -0.009216
6301.43 -0.002964
6304.10 -0.006684
6306.77 -0.009659
6309.44 -0.007395
6312.11 -0.011784
6314.78 -0.007989
6317.45 -0.007635
6320.12 -0.014013
6322.79 -0.002611
6325.46 -0.003036
6328.13 -0.008378
6330.80 -0.009796
6333.47 -0.011144
6336.14 -0.011633
6338.81 -0.011882
6341.48 -0.012015
6344.15 -0.014252
6346.82 -0.014012
6349.49 -0.015114
6352.16 -0.007722
6354.83 -0.008443
6357.50 -0.015079
6360.17 -0.009307
6362.84 -0.008116
6365.51 -0.005531
6368.18 -0.007414
6370.85 -0.011460
6373.52 -0.007007
6376.19 -0.005732
6378.86 -0.009470
6381.53 -0.010661
6384.20 -0.012857
6386.87 -0.007659
6389.54 -0.006332
6392.21 -0.007794
6394.88 -0.009105
6397.55 -0.009333
6400.22 -0.005890
6402.89 -0.006882
6405.56 -0.005159
6408.23 -0.007044
6410.90 -0.008958
6413.57 -0.002031
6416.24 -0.008976
6418.91 -0.009121
6421.58 -0.008557
6424.25 -0.009902
6426.92 -0.009007
6429.59 -0.008758
6432.26 -0.010163
6434.93 -0.010678
6437.60 -0.009248
6440.27 -0.008948
6442.94 -0.010162
6445.61 -0.005302
6448.28 -0.008950
6450.95 -0.010111
6453.62 -0.008571
6456.29 -0.006826
6458.96 -0.009384
6461.63 -0.012501
6464.30 -0.011277
6466.97 -0.007851
6469.64 -0.008153
6472.31 -0.009022
6474.98 -0.012265
6477.65 -0.011491
6480.32 -0.010370
6482.99 -0.009238
6485.66 -0.010719
6488.33 -0.014191
6491.00 -0.014934
6493.67 -0.009626
6496.34 -0.011680
6499.01 -0.010365
6501.68 -0.009541
6504.35 -0.010070
6507.02 -0.009947
6509.69 -0.010949
6512.36 -0.011837
6515.03 -0.011671
6517.70 -0.010464
6520.37 -0.011751
6523.04 -0.013161
6525.71 -0.013323
6528.38 -0.014745
6531.05 -0.013312
6533.72 -0.013615
6536.39 -0.016143
6539.06 -0.017107
6541.73 -0.019381
6544.40 -0.019668
6547.07 -0.021419
6549.74 -0.024959
6552.41 -0.027705
6555.08 -0.030640
6557.75 -0.032655
6560.42 -0.035225
6563.09 -0.036595
6565.76 -0.036936
6568.43 -0.035990
6571.10 -0.033975
6573.77 -0.032620
6576.44 -0.030788
6579.11 -0.029617
6581.78 -0.028259
6584.45 -0.027321
6587.12 -0.026639
6589.79 -0.025315
6592.46 -0.023760
6595.13 -0.022512
6597.80 -0.021421
6600.47 -0.020456
6603.14 -0.019327
6605.81 -0.018239
6608.48 -0.017504
6611.15 -0.016810
6613.82 -0.016039
6616.49 -0.014945
6619.16 -0.014528
6621.83 -0.014338
6624.50 -0.013800
6627.17 -0.013107
6629.84 -0.012936
6632.51 -0.012451
6635.18 -0.012365
6637.85 -0.012091
6640.52 -0.011808
6643.19 -0.011400
6645.86 -0.011114
6648.53 -0.010927
6651.20 -0.010845
6653.87 -0.010695
6656.54 -0.010586
6659.21 -0.010139
6661.88 -0.010069
6664.55 -0.009812
6667.22 -0.009507
6669.89 -0.009513
6672.56 -0.009175
6675.23 -0.008883
6677.90 -0.008808
6680.57 -0.008755
6683.24 -0.008764
6685.91 -0.008229
6688.58 -0.008107
6691.25 -0.007888
6693.92 -0.007900
6696.59 -0.007879
6699.26 -0.007722
6701.93 -0.007720
6704.60 -0.007562
6707.27 -0.007517
6709.94 -0.007660
6712.61 -0.007551
6715.28 -0.007737
6717.95 -0.007930
6720.62 -0.007640
6723.29 -0.007590
6725.96 -0.007545
6728.63 -0.007407
6731.30 -0.007406
6733.97 -0.007335
6736.64 -0.007116
6739.31 -0.006897
6741.98 -0.006827
6744.65 -0.006794
6747.32 -0.006600
6749.99 -0.006511
6752.66 -0.006489
6755.33 -0.006421
6758.00 -0.006481
6760.67 -0.006357
6763.34 -0.006378
6766.01 -0.006285
6768.68 -0.006257
6771.35 -0.006263
6774.02 -0.006346
6776.69 -0.006230
6779.36 -0.006202
6782.03 -0.006209
6784.70 -0.006335
6787.37 -0.006409
6790.04 -0.006305
6792.71 -0.006272
6795.38 -0.006260
6798.05 -0.006128
6800.72 -0.006137
6803.39 -0.006198
6806.06 -0.006232
6808.73 -0.006119
6811.40 -0.006155
6814.07 -0.006164
6816.74 -0.006216
6819.41 -0.006339
6822.08 -0.006137
6824.75 -0.006193
6827.42 -0.006154
6830.09 -0.006245
6832.76 -0.006144
6835.43 -0.006135
6838.10 -0.006147
6840.77 -0.006171
6843.44 -0.006042
6846.11 -0.006017
6848.78 -0.006058
6851.45 -0.005992
6854.12 -0.006030
6856.79 -0.006074
6859.46 -0.006060
6862.13 -0.005926
6864.80 -0.006037
6867.47 -0.006206
6870.14 -0.006062
6872.81 -0.006174
6875.48 -0.006076
6878.15 -0.006100
6880.82 -0.006066
6883.49 -0.006061
6886.16 -0.006127
6888.83 -0.005784
6891.50 -0.006103
6894.17 -0.006077
6896.84 -0.006016
6899.51 -0.006048
6902.18 -0.006046
6904.85 -0.005917
6907.52 -0.005821
6910.19 -0.006180
6912.86 -0.006329
6915.53 -0.006370
6918.20 -0.006338
6920.87 -0.006069
6923.54 -0.006136
6926.21 -0.006031
6928.88 -0.006102
6931.55 -0.006135
6934.22 -0.006114
6936.89 -0.006159
6939.56 -0.006219
6942.23 -0.005970
6944.90 -0.005848
6947.57 -0.005854
6950.24 -0.006188
6952.91 -0.006321
6955.58 -0.006411
6958.25 -0.006298
6960.92 -0.006393
6963.59 -0.006408
6966.26 -0.006362
6968.93 -0.006490
6971.60 -0.006265
6974.27 -0.006470
6976.94 -0.006591
6979.61 -0.006695
6982.28 -0.006946
6984.95 -0.006820
6987.62 -0.006880
6990.29 -0.006704
6992.96 -0.006730
6995.63 -0.006840
6998.30 -0.006826
7000.97 -0.006736
7003.64 -0.006745
7006.31 -0.006764
7008.98 -0.006471
7011.65 -0.006728
7014.32 -0.006700
7016.99 -0.006545
7019.66 -0.006811
7022.33 -0.006663
7025.00 -0.006835
7027.67 -0.006954
7030.34 -0.006836
7033.01 -0.006861
7035.68 -0.006884
7038.35 -0.007014
7041.02 -0.007263
7043.69 -0.007033
7046.36 -0.006898
7049.03 -0.007150
7051.70 -0.006974
7054.37 -0.006741
7057.04 -0.006538
7059.71 -0.006538
7062.38 -0.006876
7065.05 -0.007169
7067.72 -0.006940
7070.39 -0.006787
7073.06 -0.006431
7075.73 -0.006723
7078.40 -0.006862
7081.07 -0.006949
7083.74 -0.006792
7086.41 -0.006446
7089.08 -0.006374
7091.75 -0.006760
7094.42 -0.006718
7097.09 -0.006612
7099.76 -0.006515
7102.43 -0.006574
7105.10 -0.006647
7107.77 -0.006926
7110.44 -0.006875
7113.11 -0.006931
7115.78 -0.006858
7118.45 -0.007054
7121.12 -0.006831
7123.79 -0.006902
7126.46 -0.006925
7129.13 -0.006968
7131.80 -0.007047
7134.47 -0.006922
7137.14 -0.007081
7139.81 -0.006934
7142.48 -0.006842
7145.15 -0.006823
7147.82 -0.006810
7150.49 -0.006820
7153.16 -0.006720
7155.83 -0.006677
7158.50 -0.006874
7161.17 -0.006719
7163.84 -0.006789
7166.51 -0.006582
7169.18 -0.006786
7171.85 -0.006782
7174.52 -0.006903
7177.19 -0.006846
7179.86 -0.006871
7182.53 -0.006964
7185.20 -0.007227
7187.87 -0.007009
7190.54 -0.006867
7193.21 -0.006650
7195.88 -0.006593
7198.55 -0.006994
7201.22 -0.006551
7203.89 -0.006609
7206.56 -0.006559
7209.23 -0.006551
7211.90 -0.006763
7214.57 -0.006776
7217.24 -0.006609
7219.91 -0.006699
7222.58 -0.006649
7225.25 -0.006823
7227.92 -0.006945
7230.59 -0.006697
7233.26 -0.006604
7235.93 -0.006760
7238.60 -0.006847
7241.27 -0.006763
7243.94 -0.006795
7246.61 -0.006637
7249.28 -0.006664
7251.95 -0.006733
7254.62 -0.006686
7257.29 -0.006713
7259.96 -0.006592
7262.63 -0.006513
7265.30 -0.006633
7267.97 -0.006587
7270.64 -0.006642
7273.31 -0.006797
7275.98 -0.006690
7278.65 -0.006537
7281.32 -0.006319
7283.99 -0.006448
7286.66 -0.006777
7289.33 -0.006819
7292.00 -0.006547
7294.67 -0.006600
7297.34 -0.006736
7300.01 -0.006644
7302.68 -0.006637
7305.35 -0.006562
7308.02 -0.006947
7310.69 -0.006653
7313.36 -0.006775
7316.03 -0.006756
7318.70 -0.007011
7321.37 -0.007066
7324.04 -0.006920
7326.71 -0.006950
7329.38 -0.006963
7332.05 -0.006819
7334.72 -0.006898
7337.39 -0.006871
7340.06 -0.006682
7342.73 -0.006764
7345.40 -0.006665
7348.07 -0.006678
7350.74 -0.006649
7353.41 -0.006589
7356.08 -0.006531
7358.75 -0.006871
7361.42 -0.006676
7364.09 -0.006733
7366.76 -0.006795
7369.43 -0.006775
7372.10 -0.006666
7374.77 -0.006788
7377.44 -0.006456
7380.11 -0.006834
7382.78 -0.006885
7385.45 -0.006519
7388.12 -0.006599
7390.79 -0.006591
7393.46 -0.006602
7396.13 -0.006505
7398.80 -0.006534
7401.47 -0.006324
7404.14 -0.006659
7406.81 -0.006588
7409.48 -0.006548
7412.15 -0.006711
7414.82 -0.006170
7417.49 -0.006411
7420.16 -0.006575
7422.83 -0.006799
7425.50 -0.006597
7428.17 -0.006623
7430.84 -0.006245
7433.51 -0.006318
7436.18 -0.006519
7438.85 -0.006356
7441.52 -0.006512
7444.19 -0.006649
7446.86 -0.006508
7449.53 -0.006318
7452.20 -0.006545
7454.87 -0.006579
7457.54 -0.006797
7460.21 -0.006862
7462.88 -0.006712
7465.55 -0.006871
7468.22 -0.006824
7470.89 -0.006805
7473.56 -0.006876
7476.23 -0.006910
7478.90 -0.006801
7481.57 -0.006863
7484.24 -0.006794
7486.91 -0.006783
7489.58 -0.006953
7492.25 -0.006825
7494.92 -0.006778
7497.59 -0.006742
7502.00 -0.007584
7504.50 -0.007582
7507.00 -0.007581
7509.50 -0.007579
7512.00 -0.007577
7514.50 -0.007575
7517.01 -0.007574
7519.51 -0.007572
7522.01 -0.007570
7524.51 -0.007569
7527.01 -0.007567
7529.51 -0.007565
7532.01 -0.007563
7534.51 -0.007562
7537.01 -0.007560
7539.51 -0.007558
7542.01 -0.007557
7544.51 -0.007555
7547.02 -0.007553
7549.52 -0.007551
7552.02 -0.007550
7554.52 -0.007548
7557.02 -0.007546
7559.52 -0.007545
7562.02 -0.007543
7564.52 -0.007541
7567.02 -0.007540
7569.52 -0.007538
7572.02 -0.007536
7574.52 -0.007535
7577.03 -0.007533
7579.53 -0.007531
7582.03 -0.007530
7584.53 -0.007528
7587.03 -0.007526
7589.53 -0.007525
7592.03 -0.007523
7594.53 -0.007521
7597.03 -0.007520
7599.53 -0.007518
7602.03 -0.007516
7604.53 -0.007515
7607.04 -0.007513
7609.54 -0.007511
7612.04 -0.007510
7614.54 -0.007508
7617.04 -0.007507
7619.54 -0.007505
7622.04 -0.007503
7624.54 -0.007502
7627.04 -0.007500
7629.54 -0.007498
7632.04 -0.007497
7634.54 -0.007495
7637.05 -0.007494
7639.55 -0.007492
7642.05 -0.007490
7644.55 -0.007489
7647.05 -0.007487
7649.55 -0.007486
7652.05 -0.007484
7654.55 -0.007482
7657.05 -0.007481
7659.55 -0.007479
7662.05 -0.007478
7664.55 -0.007476
7667.06 -0.007474
7669.56 -0.007473
7672.06 -0.007471
7674.56 -0.007470
7677.06 -0.007468
7679.56 -0.007466
7682.06 -0.007465
7684.56 -0.007463
7687.06 -0.007462
7689.56 -0.007460
7692.06 -0.007459
7694.56 -0.007457
7697.07 -0.007455
7699.57 -0.007454
7702.07 -0.007452
7704.57 -0.007451
7707.07 -0.007449
7709.57 -0.007448
7712.07 -0.007446
7714.57 -0.007445
7717.07 -0.007443
7719.57 -0.007442
7722.07 -0.007440
7724.57 -0.007438
7727.08 -0.007437
7729.58 -0.007435
7732.08 -0.007434
7734.58 -0.007432
7737.08 -0.007431
7739.58 -0.007429
7742.08 -0.007428
7744.58 -0.007426
7747.08 -0.007425
7749.58 -0.007423
7752.08 -0.007422
7754.58 -0.007420
7757.09 -0.007419
7759.59 -0.007417
7762.09 -0.007416
7764.59 -0.007414
7767.09 -0.007413
7769.59 -0.007411
7772.09 -0.007410
7774.59 -0.007408
7777.09 -0.007407
7779.59 -0.007405
7782.09 -0.007404
7784.59 -0.007402
7787.10 -0.007401
7789.60 -0.007399
7792.10 -0.007398
7794.60 -0.007396
7797.10 -0.007395
7799.60 -0.007393
7802.10 -0.007392
7804.60 -0.007390
7807.10 -0.007389
7809.60 -0.007387
7812.10 -0.007386
7814.60 -0.007384
7817.11 -0.007383
7819.61 -0.007382
7822.11 -0.007380
7824.61 -0.007379
7827.11 -0.007377
7829.61 -0.007376
7832.11 -0.007374
7834.61 -0.007373
7837.11 -0.007371
7839.61 -0.007370
7842.11 -0.007369
7844.61 -0.007367
7847.12 -0.007366
7849.62 -0.007364
7852.12 -0.007363
7854.62 -0.007361
7857.12 -0.007360
7859.62 -0.007358
7862.12 -0.007357
7864.62 -0.007356
7867.12 -0.007354
7869.62 -0.007353
7872.12 -0.007351
7874.62 -0.007350
7877.13 -0.007349
7879.63 -0.007347
7882.13 -0.007346
7884.63 -0.007344
7887.13 -0.007343
7889.63 -0.007342
7892.13 -0.007340
7894.63 -0.007339
7897.13 -0.007337
7899.63 -0.007336
7902.13 -0.007335
7904.63 -0.007333
7907.14 -0.007332
7909.64 -0.007330
7912.14 -0.007329
7914.64 -0.007328
7917.14 -0.007326
7919.64 -0.007325
7922.14 -0.007323
7924.64 -0.007322
7927.14 -0.007321
7929.64 -0.007319
7932.14 -0.007318
7934.64 -0.007317
7937.15 -0.007315
7939.65 -0.007314
7942.15 -0.007312
7944.65 -0.007311
7947.15 -0.007310
7949.65 -0.007308
7952.15 -0.007307
7954.65 -0.007306
7957.15 -0.007304
7959.65 -0.007303
7962.15 -0.007302
7964.65 -0.007300
7967.16 -0.007299
7969.66 -0.007298
7972.16 -0.007296
7974.66 -0.007295
7977.16 -0.007294
7979.66 -0.007292
7982.16 -0.007291
7984.66 -0.007290
7987.16 -0.007288
7989.66 -0.007287
7992.16 -0.007286
7994.66 -0.007284
7997.17 -0.007283
7999.67 -0.007282
8002.17 -0.007280
8004.67 -0.007279
8007.17 -0.007278
8009.67 -0.007276
8012.17 -0.007275
8014.67 -0.007274
8017.17 -0.007272
8019.67 -0.007271
8022.17 -0.007270
8024.67 -0.007268
8027.18 -0.007267
8029.68 -0.007266
8032.18 -0.007265
8034.68 -0.007263
8037.18 -0.007262
8039.68 -0.007261
8042.18 -0.007259
8044.68 -0.007258
8047.18 -0.007257
8049.68 -0.007255
8052.18 -0.007254
8054.68 -0.007253
8057.19 -0.007252
8059.69 -0.007250
8062.19 -0.007249
8064.69 -0.007248
8067.19 -0.007247
8069.69 -0.007245
8072.19 -0.007244
8074.69 -0.007243
8077.19 -0.007241
8079.69 -0.007240
8082.19 -0.007239
8084.69 -0.007238
8087.20 -0.007236
8089.70 -0.007235
8092.20 -0.007234
8094.70 -0.007233
8097.20 -0.007231
8099.70 -0.007230
8102.20 -0.007229
8104.70 -0.007228
8107.20 -0.007226
8109.70 -0.007225
8112.20 -0.007224
8114.70 -0.007223
8117.21 -0.007221
8119.71 -0.007220
8122.21 -0.007219
8124.71 -0.007218
8127.21 -0.007216
8129.71 -0.007215
8132.21 -0.007214
8134.71 -0.007213
8137.21 -0.007211
8139.71 -0.007210
8142.21 -0.007209
8144.71 -0.007208
8147.22 -0.007207
8149.72 -0.007205
8152.22 -0.007204
8154.72 -0.007203
8157.22 -0.007202
8159.72 -0.007200
8162.22 -0.007199
8164.72 -0.007198
8167.22 -0.007197
8169.72 -0.007196
8172.22 -0.007194
8174.72 -0.007193
8177.23 -0.007192
8179.73 -0.007191
8182.23 -0.007190
8184.73 -0.007188
8187.23 -0.007187
8189.73 -0.007186
8192.23 -0.007185
8194.73 -0.007184
8197.23 -0.007182
8199.73 -0.007181
8202.23 -0.007180
8204.73 -0.007179
8207.24 -0.007178
8209.74 -0.007177
8212.24 -0.007175
8214.74 -0.007174
8217.24 -0.007173
8219.74 -0.007172
8222.24 -0.007171
8224.74 -0.007169
8227.24 -0.007168
8229.74 -0.007167
8232.24 -0.007166
8234.74 -0.007165
8237.25 -0.007164
8239.75 -0.007162
8242.25 -0.007161
8244.75 -0.007160
8247.25 -0.007159
8249.75 -0.007158
8252.25 -0.007157
8254.75 -0.007155
8257.25 -0.007154
8259.75 -0.007153
8262.25 -0.007152
8264.75 -0.007151
8267.26 -0.007150
8269.76 -0.007149
8272.26 -0.007147
8274.76 -0.007146
8277.26 -0.007145
8279.76 -0.007144
8282.26 -0.007143
8284.76 -0.007142
8287.26 -0.007141
8289.76 -0.007139
8292.26 -0.007138
8294.76 -0.007137
8297.27 -0.007136
8299.77 -0.007135
8302.27 -0.007134
8304.77 -0.007133
8307.27 -0.007132
8309.77 -0.007130
8312.27 -0.007129
8314.77 -0.007128
8317.27 -0.007127
8319.77 -0.007126
8322.27 -0.007125
8324.77 -0.007124
8327.28 -0.007123
8329.78 -0.007121
8332.28 -0.007120
8334.78 -0.007119
8337.28 -0.007118
8339.78 -0.007117
8342.28 -0.007116
8344.78 -0.007115
8347.28 -0.007114
8349.78 -0.007113
8352.28 -0.007112
8354.78 -0.007110
8357.29 -0.007109
8359.79 -0.007108
8362.29 -0.007107
8364.79 -0.007106
8367.29 -0.007105
8369.79 -0.007104
8372.29 -0.007103
8374.79 -0.007102
8377.29 -0.007101
8379.79 -0.007100
8382.29 -0.007098
8384.79 -0.007097
8387.30 -0.007096
8389.80 -0.007095
8392.30 -0.007094
8394.80 -0.007093
8397.30 -0.007092
8399.80 -0.007091
8402.30 -0.007090
8404.80 -0.007089
8407.30 -0.007088
8409.80 -0.007087
8412.30 -0.007086
8414.80 -0.007085
8417.31 -0.007083
8419.81 -0.007082
8422.31 -0.007081
8424.81 -0.007080
8427.31 -0.007079
8429.81 -0.007078
8432.31 -0.007077
8434.81 -0.007076
8437.31 -0.007075
8439.81 -0.007074
8442.31 -0.007073
8444.81 -0.007072
8447.32 -0.007071
8449.82 -0.007070
8452.32 -0.007069
8454.82 -0.007068
8457.32 -0.007067
8459.82 -0.007066
8462.32 -0.007065
8464.82 -0.007064
8467.32 -0.007062
8469.82 -0.007061
8472.32 -0.007060
8474.82 -0.007059
8477.33 -0.007058
8479.83 -0.007057
8482.33 -0.007056
8484.83 -0.007055
8487.33 -0.007054
8489.83 -0.007053
8492.33 -0.007052
8494.83 -0.007051
8497.33 -0.007050
8499.83 -0.007049
8502.33 -0.007048
8504.83 -0.007047
8507.34 -0.007046
8509.84 -0.007045
8512.34 -0.007044
8514.84 -0.007043
8517.34 -0.007042
8519.84 -0.007041
8522.34 -0.007040
8524.84 -0.007039
8527.34 -0.007038
8529.84 -0.007037
8532.34 -0.007036
8534.84 -0.007035
8537.35 -0.007034
8539.85 -0.007033
8542.35 -0.007032
8544.85 -0.007031
8547.35 -0.007030
8549.85 -0.007029
8552.35 -0.007028
8554.85 -0.007027
8557.35 -0.007026
8559.85 -0.007025
8562.35 -0.007024
8564.85 -0.007023
8567.36 -0.007022
8569.86 -0.007021
8572.36 -0.007020
8574.86 -0.007019
8577.36 -0.007018
8579.86 -0.007017
8582.36 -0.007016
8584.86 -0.007015
8587.36 -0.007014
8589.86 -0.007013
8592.36 -0.007012
8594.86 -0.007011
8597.37 -0.007010
8599.87 -0.007009
8602.37 -0.007008
8604.87 -0.007007
8607.37 -0.007006
8609.87 -0.007006
8612.37 -0.007005
8614.87 -0.007004
8617.37 -0.007003
8619.87 -0.007002
8622.37 -0.007001
8624.87 -0.007000
8627.38 -0.006999
8629.88 -0.006998
8632.38 -0.006997
8634.88 -0.006996
8637.38 -0.006995
8639.88 -0.006994
8642.38 -0.006993
8644.88 -0.006992
8647.38 -0.006991
8649.88 -0.006990
8652.38 -0.006989
8654.88 -0.006988
8657.39 -0.006987
8659.89 -0.006986
8662.39 -0.006986
8664.89 -0.006985
8667.39 -0.006984
8669.89 -0.006983
8672.39 -0.006982
8674.89 -0.006981
8677.39 -0.006980
8679.89 -0.006979
8682.39 -0.006978
8684.89 -0.006977
8687.40 -0.006976
8689.90 -0.006975
8692.40 -0.006974
8694.90 -0.006973
8697.40 -0.006973
8699.90 -0.006972
8702.40 -0.006971
8704.90 -0.006970
8707.40 -0.006969
8709.90 -0.006968
8712.40 -0.006967
8714.90 -0.006966
8717.41 -0.006965
8719.91 -0.006964
8722.41 -0.006963
8724.91 -0.006962
8727.41 -0.006962
8729.91 -0.006961
8732.41 -0.006960
8734.91 -0.006959
8737.41 -0.006958
8739.91 -0.006957
8742.41 -0.006956
8744.91 -0.006955
8747.42 -0.006954
8749.92 -0.006953
8752.42 -0.006952
8754.92 -0.006952
8757.42 -0.006951
8759.92 -0.006950
8762.42 -0.006949
8764.92 -0.006948
8767.42 -0.006947
8769.92 -0.006946
8772.42 -0.006945
8774.92 -0.006944
8777.43 -0.006944
8779.93 -0.006943
8782.43 -0.006942
8784.93 -0.006941
8787.43 -0.006940
8789.93 -0.006939
8792.43 -0.006938
8794.93 -0.006937
8797.43 -0.006936
8799.93 -0.006936
8802.43 -0.006935
8804.93 -0.006934
8807.44 -0.006933
8809.94 -0.006932
8812.44 -0.006931
8814.94 -0.006930
8817.44 -0.006930
8819.94 -0.006929
8822.44 -0.006928
8824.94 -0.006927
8827.44 -0.006926
8829.94 -0.006925
8832.44 -0.006924
8834.94 -0.006923
8837.45 -0.006923
8839.95 -0.006922
8842.45 -0.006921
8844.95 -0.006920
8847.45 -0.006919
8849.95 -0.006918
8852.45 -0.006917
8854.95 -0.006917
8857.45 -0.006916
8859.95 -0.006915
8862.45 -0.006914
8864.95 -0.006913
8867.46 -0.006912
8869.96 -0.006911
8872.46 -0.006911
8874.96 -0.006910
8877.46 -0.006909
8879.96 -0.006908
8882.46 -0.006907
8884.96 -0.006906
8887.46 -0.006906
8889.96 -0.006905
8892.46 -0.006904
8894.96 -0.006903
8897.47 -0.006902
8899.97 -0.006901
8902.47 -0.006901
8904.97 -0.006900
8907.47 -0.006899
8909.97 -0.006898
8912.47 -0.006897
8914.97 -0.006896
8917.47 -0.006896
8919.97 -0.006895
8922.47 -0.006894
8924.97 -0.006893
8927.48 -0.006892
8929.98 -0.006891
8932.48 -0.006891
8934.98 -0.006890
8937.48 -0.006889
8939.98 -0.006888
8942.48 -0.006887
8944.98 -0.006886
8947.48 -0.006886
8949.98 -0.006885
8952.48 -0.006884
8954.98 -0.006883
8957.49 -0.006882
8959.99 -0.006882
8962.49 -0.006881
8964.99 -0.006880
8967.49 -0.006879
8969.99 -0.006878
8972.49 -0.006878
8974.99 -0.006877
8977.49 -0.006876
8979.99 -0.006875
8982.49 -0.006874
8984.99 -0.006874
8987.50 -0.006873
8990.00 -0.006872
8992.50 -0.006871
8995.00 -0.006870
8997.50 -0.006870
9000.00 -0.006869
