2000.17 0.054334
2002.67 0.054249
2005.17 0.054164
2007.67 0.054079
2010.17 0.053994
2012.67 0.053910
2015.17 0.053826
2017.67 0.053742
2020.17 0.053659
2022.67 0.053576
2025.18 0.053493
2027.68 0.053410
2030.18 0.053327
2032.68 0.053245
2035.18 0.053162
2037.68 0.053080
2040.18 0.052999
2042.68 0.052917
2045.18 0.052836
2047.68 0.052755
2050.18 0.052674
2052.68 0.052593
2055.19 0.052513
2057.69 0.052433
2060.19 0.052353
2062.69 0.052273
2065.19 0.052193
2067.69 0.052114
2070.19 0.052035
2072.69 0.051956
2075.19 0.051877
2077.69 0.051798
2080.19 0.051720
2082.69 0.051642
2085.20 0.051564
2087.70 0.051486
2090.20 0.051409
2092.70 0.051332
2095.20 0.051255
2097.70 0.051178
2100.20 0.051101
2102.70 0.051024
2105.20 0.050948
2107.70 0.050872
2110.20 0.050796
2112.70 0.050720
2115.21 0.050645
2117.71 0.050570
2120.21 0.050495
2122.71 0.050420
2125.21 0.050345
2127.71 0.050270
2130.21 0.050196
2132.71 0.050122
2135.21 0.050048
2137.71 0.049974
2140.21 0.049901
2142.71 0.049827
2145.22 0.049754
2147.72 0.049681
2150.22 0.049608
2152.72 0.049536
2155.22 0.049463
2157.72 0.049391
2160.22 0.049319
2162.72 0.049247
2165.22 0.049175
2167.72 0.049104
2170.22 0.049032
2172.72 0.048961
2175.23 0.048890
2177.73 0.048819
2180.23 0.048749
2182.73 0.048678
2185.23 0.048608
2187.73 0.048538
2190.23 0.048468
2192.73 0.048398
2195.23 0.048329
2197.73 0.048259
2200.23 0.048190
2202.73 0.048121
2205.24 0.048052
2207.74 0.047983
2210.24 0.047915
2212.74 0.047847
2215.24 0.047778
2217.74 0.047710
2220.24 0.047642
2222.74 0.047575
2225.24 0.047507
2227.74 0.047440
2230.24 0.047373
2232.74 0.047306
2235.25 0.047239
2237.75 0.047172
2240.25 0.047106
2242.75 0.047039
2245.25 0.046973
2247.75 0.046907
2250.25 0.046841
2252.75 0.046775
2255.25 0.046710
2257.75 0.046644
2260.25 0.046579
2262.75 0.046514
2265.26 0.046449
2267.76 0.046384
2270.26 0.046320
2272.76 0.046255
2275.26 0.046191
2277.76 0.046127
2280.26 0.046063
2282.76 0.045999
2285.26 0.045935
2287.76 0.045872
2290.26 0.045808
2292.76 0.045745
2295.27 0.045682
2297.77 0.045619
2300.27 0.045556
2302.77 0.045494
2305.27 0.045431
2307.77 0.045369
2310.27 0.045307
2312.77 0.045245
2315.27 0.045183
2317.77 0.045121
2320.27 0.045060
2322.77 0.044998
2325.28 0.044937
2327.78 0.044876
2330.28 0.044815
2332.78 0.044754
2335.28 0.044693
2337.78 0.044633
2340.28 0.044572
2342.78 0.044512
2345.28 0.044452
2347.78 0.044392
2350.28 0.044332
2352.78 0.044272
2355.29 0.044212
2357.79 0.044153
2360.29 0.044094
2362.79 0.044035
2365.29 0.043976
2367.79 0.043917
2370.29 0.043858
2372.79 0.043799
2375.29 0.043741
2377.79 0.043682
2380.29 0.043624
2382.79 0.043566
2385.30 0.043508
2387.80 0.043450
2390.30 0.043393
2392.80 0.043335
2395.30 0.043278
2397.80 0.043220
2400.30 0.043163
2402.80 0.043106
2405.30 0.043049
2407.80 0.042993
2410.30 0.042936
2412.80 0.042879
2415.31 0.042823
2417.81 0.042767
2420.31 0.042711
2422.81 0.042655
2425.31 0.042599
2427.81 0.042543
2430.31 0.042487
2432.81 0.042432
2435.31 0.042377
2437.81 0.042321
2440.31 0.042266
2442.81 0.042211
2445.32 0.042156
2447.82 0.042102
2450.32 0.042047
2452.82 0.041993
2455.32 0.041938
2457.82 0.041884
2460.32 0.041830
2462.82 0.041776
2465.32 0.041722
2467.82 0.041668
2470.32 0.041614
2472.82 0.041561
2475.33 0.041507
2477.83 0.041454
2480.33 0.041401
2482.83 0.041348
2486.00 0.042935
2488.67 0.041956
2491.34 0.043635
2494.01 0.041457
2496.68 0.041936
2499.35 0.043318
2502.02 0.042669
2504.69 0.042073
2507.36 0.042400
2510.03 0.042887
2512.70 0.043992
2515.37 0.043182
2518.04 0.043153
2520.71 0.043890
2523.38 0.043541
2526.05 0.043849
2528.72 0.044096
2531.39 0.043779
2534.06 0.043706
2536.73 0.043213
2539.40 0.043777
2542.07 0.043232
2544.74 0.043932
2547.41 0.044048
2550.08 0.043436
2552.75 0.043264
2555.42 0.042940
2558.09 0.042893
2560.76 0.043139
2563.43 0.043612
2566.10 0.043421
2568.77 0.043780
2571.44 0.043173
2574.11 0.042720
2576.78 0.042500
2579.45 0.042725
2582.12 0.042374
2584.79 0.042904
2587.46 0.042338
2590.13 0.042113
2592.80 0.042168
2595.47 0.041822
2598.14 0.042018
2600.81 0.041965
2603.48 0.041516
2606.15 0.042366
2608.82 0.042977
2611.49 0.042346
2614.16 0.042123
2616.83 0.042234
2619.50 0.042327
2622.17 0.042398
2624.84 0.042402
2627.51 0.042532
2630.18 0.042230
2632.85 0.041212
2635.52 0.041566
2638.19 0.040697
2640.86 0.040444
2643.53 0.040095
2646.20 0.039679
2648.87 0.039559
2651.54 0.039230
2654.21 0.039259
2656.88 0.039333
2659.55 0.039629
2662.22 0.039960
2664.89 0.039958
2667.56 0.039846
2670.23 0.039968
2672.90 0.039821
2675.57 0.039658
2678.24 0.039748
2680.91 0.039937
2683.58 0.039568
2686.25 0.040008
2688.92 0.040069
2691.59 0.040358
2694.26 0.040349
2696.93 0.040208
2699.60 0.040515
2702.27 0.040730
2704.94 0.040733
2707.61 0.041149
2710.28 0.041248
2712.95 0.041926
2715.62 0.041625
2718.29 0.042200
2720.96 0.042543
2723.63 0.042761
2726.30 0.042396
2728.97 0.043394
2731.64 0.043278
2734.31 0.043360
2736.98 0.043666
2739.65 0.044628
2742.32 0.044398
2744.99 0.045030
2747.66 0.045290
2750.33 0.045328
2753.00 0.045569
2755.67 0.046045
2758.34 0.045378
2761.01 0.046053
2763.68 0.046544
2766.35 0.046762
2769.02 0.046825
2771.69 0.047117
2774.36 0.048124
2777.03 0.048767
2779.70 0.050555
2782.37 0.052453
2785.04 0.054731
2787.71 0.057399
2790.38 0.060821
2793.05 0.064422
2795.72 0.066327
2798.39 0.067273
2801.06 0.066708
2803.73 0.065064
2806.40 0.062254
2809.07 0.059594
2811.74 0.056644
2814.41 0.054091
2817.08 0.052180
2819.75 0.050490
2822.42 0.049703
2825.09 0.049122
2827.76 0.048435
2830.43 0.048175
2833.10 0.048178
2835.77 0.047724
2838.44 0.047152
2841.11 0.046701
2843.78 0.046429
2846.45 0.045977
2849.12 0.045652
2851.79 0.045328
2854.46 0.044575
2857.13 0.044313
2859.80 0.044174
2862.47 0.044006
2865.14 0.043685
2867.81 0.043416
2870.48 0.043172
2873.15 0.043103
2875.82 0.042887
2878.49 0.042678
2881.16 0.042501
2883.83 0.042082
2886.50 0.041878
2889.17 0.041899
2891.84 0.041667
2894.51 0.040961
2897.18 0.041088
2899.85 0.040999
2902.52 0.040578
2905.19 0.040184
2907.86 0.040119
2910.53 0.040162
2913.20 0.040104
2915.87 0.040035
2918.54 0.040445
2921.21 0.040551
2923.88 0.040893
2926.55 0.041060
2929.22 0.041440
2931.89 0.041335
2934.56 0.041244
2937.23 0.041449
2939.90 0.041360
2942.57 0.041239
2945.24 0.041467
2947.91 0.041095
2950.58 0.041205
2953.25 0.041126
2955.92 0.040959
2958.59 0.040785
2961.26 0.040920
2963.93 0.041037
2966.60 0.040826
2969.27 0.040459
2971.94 0.040372
2974.61 0.040296
2977.28 0.040479
2979.95 0.040192
2982.62 0.040041
2985.29 0.039695
2987.96 0.039105
2990.63 0.038593
2993.30 0.038462
2995.97 0.038015
2998.64 0.037894
3001.31 0.037617
3003.98 0.037107
3006.65 0.037111
3009.32 0.036401
3011.99 0.036043
3014.66 0.035803
3017.33 0.035681
3020.00 0.035564
3022.67 0.035460
3025.34 0.035091
3028.01 0.035166
3030.68 0.035478
3033.35 0.035537
3036.02 0.035138
3038.69 0.035334
3041.36 0.035605
3044.03 0.035372
3046.70 0.035430
3049.37 0.035433
3052.04 0.035516
3054.71 0.035267
3057.38 0.035329
3060.05 0.035252
3062.72 0.035552
3065.39 0.035373
3068.06 0.035503
3070.73 0.035550
3073.40 0.035424
3076.07 0.035469
3078.74 0.035573
3081.41 0.035543
3084.08 0.034988
3086.75 0.035098
3089.42 0.034837
3092.09 0.035062
3094.76 0.034887
3097.43 0.034786
3100.10 0.035182
3102.77 0.035409
3105.44 0.035199
3108.11 0.035542
3110.78 0.035736
3113.45 0.035836
3116.12 0.036039
3118.79 0.036390
3121.46 0.036303
3124.13 0.036284
3126.80 0.036534
3129.47 0.036658
3132.14 0.036738
3134.81 0.036673
3137.48 0.036290
3140.15 0.035868
3142.82 0.035910
3145.49 0.035560
3148.16 0.035635
3150.83 0.035776
3153.50 0.035888
3156.17 0.035739
3158.84 0.035377
3161.51 0.035641
3164.18 0.035918
3166.85 0.035969
3169.52 0.036060
3172.19 0.035887
3174.86 0.036303
3177.53 0.036288
3180.20 0.036376
3182.87 0.036714
3185.54 0.036700
3188.21 0.036857
3190.88 0.036754
3193.55 0.036877
3196.22 0.036676
3198.89 0.036661
3201.56 0.036446
3204.23 0.036157
3206.90 0.035953
3209.57 0.035844
3212.24 0.035897
3214.91 0.035796
3217.58 0.035581
3220.25 0.035493
3222.92 0.035175
3225.59 0.035444
3228.26 0.035494
3230.93 0.035494
3233.60 0.035237
3236.27 0.035039
3238.94 0.035098
3241.61 0.034928
3244.28 0.034654
3246.95 0.034709
3249.62 0.034750
3252.29 0.034631
3254.96 0.034892
3257.63 0.035090
3260.30 0.034957
3262.97 0.034658
3265.64 0.034633
3268.31 0.034478
3270.98 0.034362
3273.65 0.034341
3276.32 0.034634
3278.99 0.034615
3281.66 0.034191
3284.33 0.034498
3287.00 0.034117
3289.67 0.033734
3292.34 0.033690
3295.01 0.033531
3297.68 0.033667
3300.35 0.033530
3303.02 0.033329
3305.69 0.033196
3308.36 0.033198
3311.03 0.032857
3313.70 0.032839
3316.37 0.032349
3319.04 0.032384
3321.71 0.032457
3324.38 0.032415
3327.05 0.032472
3329.72 0.032398
3332.39 0.032085
3335.06 0.032318
3337.73 0.032398
3340.40 0.032568
3343.07 0.032944
3345.74 0.033160
3348.41 0.032655
3351.08 0.031996
3353.75 0.032057
3356.42 0.031819
3359.09 0.031864
3361.76 0.031619
3364.43 0.031928
3367.10 0.031794
3369.77 0.031605
3372.44 0.031514
3375.11 0.031480
3377.78 0.031614
3380.45 0.031498
3383.12 0.031402
3385.79 0.031513
3388.46 0.031422
3391.13 0.031379
3393.80 0.031529
3396.47 0.031679
3399.14 0.031711
3401.81 0.031612
3404.48 0.031872
3407.15 0.031890
3409.82 0.031945
3412.49 0.031999
3415.16 0.032204
3417.83 0.032506
3420.50 0.032809
3423.17 0.033517
3425.84 0.034103
3428.51 0.033147
3431.18 0.031807
3433.85 0.031509
3436.52 0.031344
3439.19 0.031175
3441.86 0.031453
3444.53 0.031212
3447.20 0.031043
3449.87 0.030928
3452.54 0.030932
3455.21 0.030876
3457.88 0.030761
3460.55 0.030753
3463.22 0.030629
3465.89 0.030919
3468.56 0.030926
3471.23 0.030878
3473.90 0.030693
3476.57 0.030675
3479.24 0.030718
3481.91 0.030554
3484.58 0.030302
3487.25 0.030435
3489.92 0.030502
3492.59 0.030205
3495.26 0.030180
3497.93 0.030190
3500.60 0.030123
3503.27 0.030047
3505.94 0.029669
3508.61 0.029577
3511.28 0.029334
3513.95 0.029114
3516.62 0.029073
3519.29 0.028936
3521.96 0.028659
3524.63 0.028405
3527.30 0.028228
3529.97 0.027853
3532.64 0.027702
3535.31 0.027921
3537.98 0.027792
3540.65 0.027699
3543.32 0.027666
3545.99 0.027404
3548.66 0.027381
3551.33 0.027415
3554.00 0.027630
3556.67 0.027430
3559.34 0.027506
3562.01 0.027498
3564.68 0.027698
3567.35 0.027484
3570.02 0.027362
3572.69 0.027585
3575.36 0.027675
3578.03 0.027436
3580.70 0.027708
3583.37 0.027526
3586.04 0.027623
3588.71 0.027436
3591.38 0.027241
3594.05 0.027237
3596.72 0.027135
3599.39 0.027224
3602.06 0.027259
3604.73 0.027057
3607.40 0.026986
3610.07 0.027041
3612.74 0.026981
3615.41 0.026904
3618.08 0.026746
3620.75 0.026718
3623.42 0.026821
3626.09 0.026908
3628.76 0.026770
3631.43 0.026659
3634.10 0.026610
3636.77 0.026658
3639.44 0.026473
3642.11 0.026529
3644.78 0.026178
3647.45 0.026171
3650.12 0.026028
3652.79 0.025946
3655.46 0.025991
3658.13 0.026073
3660.80 0.025846
3663.47 0.025930
3666.14 0.025948
3668.81 0.025887
3671.48 0.025701
3674.15 0.025683
3676.82 0.025635
3679.49 0.025578
3682.16 0.025418
3684.83 0.025712
3687.50 0.025445
3690.17 0.025436
3692.84 0.025414
3695.51 0.025359
3698.18 0.025166
3700.85 0.025170
3703.52 0.025075
3706.19 0.024933
3708.86 0.024848
3711.53 0.025064
3714.20 0.025204
3716.87 0.025326
3719.54 0.025351
3722.21 0.025481
3724.88 0.026491
3727.55 0.028543
3730.22 0.029099
3732.89 0.026926
3735.56 0.024968
3738.23 0.024547
3740.90 0.024728
3743.57 0.024920
3746.24 0.024885
3748.91 0.024613
3751.58 0.024770
3754.25 0.024822
3756.92 0.024982
3759.59 0.024916
3762.26 0.024842
3764.93 0.024660
3767.60 0.024501
3770.27 0.024183
3772.94 0.023984
3775.61 0.023752
3778.28 0.023817
3780.95 0.023769
3783.62 0.023734
3786.29 0.023702
3788.96 0.023324
3791.63 0.022945
3794.30 0.022808
3796.97 0.022778
3799.64 0.022562
3802.31 0.022569
3804.98 0.022709
3807.65 0.022644
3810.32 0.022551
3812.99 0.022545
3815.66 0.022866
3818.33 0.022576
3821.00 0.022629
3823.67 0.022681
3826.34 0.022511
3829.01 0.022627
3831.68 0.022466
3834.35 0.022670
3837.02 0.022451
3839.69 0.022495
3842.36 0.022670
3845.03 0.022626
3847.70 0.022636
3850.37 0.022831
3853.04 0.023050
3855.71 0.022906
3858.38 0.023114
3861.05 0.023431
3863.72 0.023873
3866.39 0.024761
3869.06 0.025381
3871.73 0.024935
3874.40 0.023383
3877.07 0.023117
3879.74 0.022786
3882.41 0.022572
3885.08 0.022726
3887.75 0.022757
3890.42 0.022875
3893.09 0.022322
3895.76 0.022185
3898.43 0.021901
3901.10 0.021957
3903.77 0.021664
3906.44 0.021591
3909.11 0.021516
3911.78 0.021555
3914.45 0.021366
3917.12 0.021355
3919.79 0.021190
3922.46 0.020927
3925.13 0.021033
3927.80 0.021013
3930.47 0.020685
3933.14 0.020611
3935.81 0.020626
3938.48 0.020694
3941.15 0.020842
3943.82 0.020899
3946.49 0.020943
3949.16 0.021089
3951.83 0.020988
3954.50 0.021087
3957.17 0.021011
3959.84 0.021285
3962.51 0.021381
3965.18 0.021626
3967.85 0.021888
3970.52 0.021548
3973.19 0.020814
3975.86 0.020636
3978.53 0.020623
3981.20 0.020466
3983.87 0.020379
3986.54 0.020340
3989.21 0.020146
3991.88 0.019987
3994.55 0.019902
3997.22 0.019534
3999.89 0.019793
4002.56 0.019677
4005.23 0.019411
4007.90 0.019537
4010.57 0.019531
4013.24 0.019578
4015.91 0.019420
4018.58 0.019532
4021.25 0.019417
4023.92 0.019564
4026.59 0.019350
4029.26 0.019366
4031.93 0.019201
4034.60 0.019114
4037.27 0.019078
4039.94 0.019277
4042.61 0.019154
4045.28 0.019079
4047.95 0.018946
4050.62 0.019171
4053.29 0.019268
4055.96 0.019048
4058.63 0.019073
4061.30 0.019357
4063.97 0.019447
4066.64 0.019494
4069.31 0.019896
4071.98 0.019823
4074.65 0.019791
4077.32 0.019768
4079.99 0.019644
4082.66 0.019830
4085.33 0.020083
4088.00 0.020172
4090.67 0.020374
4093.34 0.020701
4096.01 0.020673
4098.68 0.020916
4101.35 0.021136
4104.02 0.021144
4106.69 0.020725
4109.36 0.020499
4112.03 0.020232
4114.70 0.020140
4117.37 0.020043
4120.04 0.019995
4122.71 0.019724
4125.38 0.019534
4128.05 0.019390
4130.72 0.019340
4133.39 0.019040
4136.06 0.019034
4138.73 0.018988
4141.40 0.018795
4144.07 0.018747
4146.74 0.018621
4149.41 0.018402
4152.08 0.018362
4154.75 0.018315
4157.42 0.018385
4160.09 0.018488
4162.76 0.018528
4165.43 0.018482
4168.10 0.018576
4170.77 0.018562
4173.44 0.018693
4176.11 0.018517
4178.78 0.018745
4181.45 0.018630
4184.12 0.018533
4186.79 0.018225
4189.46 0.018308
4192.13 0.018015
4194.80 0.017861
4197.47 0.017773
4200.14 0.017726
4202.81 0.017677
4205.48 0.017755
4208.15 0.017562
4210.82 0.017784
4213.49 0.017750
4216.16 0.017785
4218.83 0.017936
4221.50 0.017816
4224.17 0.017855
4226.84 0.018005
4229.51 0.018166
4232.18 0.018518
4234.85 0.018579
4237.52 0.018604
4240.19 0.018458
4242.86 0.018572
4245.53 0.018418
4248.20 0.018427
4250.87 0.018261
4253.54 0.018181
4256.21 0.018120
4258.88 0.018092
4261.55 0.018229
4264.22 0.018198
4266.89 0.018269
4269.56 0.018333
4272.23 0.018279
4274.90 0.018401
4277.57 0.018456
4280.24 0.018583
4282.91 0.018617
4285.58 0.018860
4288.25 0.018863
4290.92 0.018987
4293.59 0.019130
4296.26 0.019291
4298.93 0.019234
4301.60 0.019475
4304.27 0.019486
4306.94 0.019654
4309.61 0.019649
4312.28 0.019925
4314.95 0.020096
4317.62 0.020380
4320.29 0.020729
4322.96 0.020922
4325.63 0.021094
4328.30 0.021364
4330.97 0.021817
4333.64 0.022221
4336.31 0.022685
4338.98 0.023232
4341.65 0.023631
4344.32 0.023264
4346.99 0.022681
4349.66 0.022632
4352.33 0.022357
4355.00 0.022049
4357.67 0.022001
4360.34 0.021749
4363.01 0.021667
4365.68 0.021287
4368.35 0.020778
4371.02 0.020199
4373.69 0.019915
4376.36 0.019449
4379.03 0.019323
4381.70 0.019242
4384.37 0.019071
4387.04 0.018853
4389.71 0.018698
4392.38 0.018586
4395.05 0.018599
4397.72 0.018406
4400.39 0.018211
4403.06 0.018150
4405.73 0.017954
4408.40 0.017972
4411.07 0.017943
4413.74 0.018047
4416.41 0.018006
4419.08 0.017948
4421.75 0.017776
4424.42 0.017544
4427.09 0.017423
4429.76 0.017320
4432.43 0.017173
4435.10 0.017107
4437.77 0.017166
4440.44 0.017158
4443.11 0.017128
4445.78 0.017127
4448.45 0.017291
4451.12 0.017311
4453.79 0.017245
4456.46 0.017231
4459.13 0.017216
4461.80 0.017219
4464.47 0.017399
4467.14 0.017281
4469.81 0.017462
4472.48 0.017715
4475.15 0.017707
4477.82 0.017769
4480.49 0.017679
4483.16 0.017555
4485.83 0.017691
4488.50 0.017908
4491.17 0.017905
4493.84 0.017984
4496.51 0.018008
4499.18 0.018190
4501.85 0.018159
4504.52 0.018143
4507.19 0.018379
4509.86 0.018500
4512.53 0.018524
4515.20 0.018716
4517.87 0.018719
4520.54 0.018792
4523.21 0.018697
4525.88 0.018649
4528.55 0.018540
4531.22 0.018334
4533.89 0.018335
4536.56 0.018375
4539.23 0.018484
4541.90 0.018500
4544.57 0.018498
4547.24 0.018566
4549.91 0.018607
4552.58 0.018554
4555.25 0.018541
4557.92 0.018599
4560.59 0.018595
4563.26 0.018568
4565.93 0.018481
4568.60 0.018391
4571.27 0.018439
4573.94 0.018353
4576.61 0.018243
4579.28 0.018209
4581.95 0.018264
4584.62 0.018312
4587.29 0.018238
4589.96 0.018088
4592.63 0.017901
4595.30 0.017779
4597.97 0.017620
4600.64 0.017588
4603.31 0.017256
4605.98 0.017322
4608.65 0.017221
4611.32 0.017369
4613.99 0.017306
4616.66 0.017459
4619.33 0.017401
4622.00 0.017575
4624.67 0.017559
4627.34 0.017561
4630.01 0.017635
4632.68 0.017735
4635.35 0.017486
4638.02 0.017265
4640.69 0.017156
4643.36 0.017134
4646.03 0.016803
4648.70 0.016804
4651.37 0.016786
4654.04 0.016626
4656.71 0.016641
4659.38 0.016629
4662.05 0.016654
4664.72 0.016436
4667.39 0.016322
4670.06 0.016274
4672.73 0.016251
4675.40 0.016252
4678.07 0.016216
4680.74 0.016269
4683.41 0.016172
4686.08 0.016291
4688.75 0.016070
4691.42 0.015872
4694.09 0.015662
4696.76 0.015587
4699.43 0.015490
4702.10 0.015373
4704.77 0.015391
4707.44 0.015287
4710.11 0.015293
4712.78 0.015316
4715.45 0.015227
4718.12 0.015241
4720.79 0.015253
4723.46 0.015270
4726.13 0.015266
4728.80 0.015276
4731.47 0.015161
4734.14 0.015240
4736.81 0.015202
4739.48 0.015149
4742.15 0.015196
4744.82 0.015065
4747.49 0.014974
4750.16 0.015020
4752.83 0.015053
4755.50 0.015031
4758.17 0.015034
4760.84 0.015030
4763.51 0.015090
4766.18 0.015088
4768.85 0.015145
4771.52 0.015089
4774.19 0.015161
4776.86 0.015425
4779.53 0.015496
4782.20 0.015621
4784.87 0.015733
4787.54 0.015750
4790.21 0.015820
4792.88 0.015941
4795.55 0.016081
4798.22 0.016342
4800.89 0.016393
4803.56 0.016579
4806.23 0.016838
4808.90 0.017009
4811.57 0.017261
4814.24 0.017541
4816.91 0.017766
4819.58 0.018004
4822.25 0.018183
4824.92 0.018682
4827.59 0.019072
4830.26 0.019431
4832.93 0.019926
4835.60 0.020316
4838.27 0.020955
4840.94 0.021588
4843.61 0.022137
4846.28 0.023004
4848.95 0.023804
4851.62 0.024590
4854.29 0.025547
4856.96 0.026576
4859.63 0.027863
4862.30 0.028942
4864.97 0.028630
4867.64 0.027202
4870.31 0.025789
4872.98 0.024819
4875.65 0.023960
4878.32 0.023403
4880.99 0.022650
4883.66 0.022083
4886.33 0.021279
4889.00 0.020759
4891.67 0.020410
4894.34 0.019826
4897.01 0.019685
4899.68 0.019353
4902.35 0.019098
4905.02 0.018709
4907.69 0.018399
4910.36 0.018257
4913.03 0.018197
4915.70 0.017971
4918.37 0.017969
4921.04 0.017872
4923.71 0.017646
4926.38 0.017576
4929.05 0.017600
4931.72 0.017326
4934.39 0.017226
4937.06 0.016907
4939.73 0.016878
4942.40 0.016746
4945.07 0.016651
4947.74 0.016940
4950.41 0.017204
4953.08 0.017700
4955.75 0.019048
4958.42 0.021133
4961.09 0.021633
4963.76 0.019019
4966.43 0.016827
4969.10 0.015780
4971.77 0.015348
4974.44 0.015336
4977.11 0.015261
4979.78 0.015358
4982.45 0.015265
4985.12 0.015656
4987.79 0.015958
4990.46 0.016398
4993.13 0.017035
4995.80 0.017938
4998.47 0.019180
5001.14 0.021501
5003.81 0.025623
5006.48 0.032245
5009.15 0.033769
5011.82 0.026307
5014.49 0.019952
5017.16 0.017474
5019.83 0.016590
5022.50 0.016139
5025.17 0.015786
5027.84 0.015492
5030.51 0.015333
5033.18 0.015122
5035.85 0.015064
5038.52 0.014796
5041.19 0.014623
5043.86 0.014480
5046.53 0.014317
5049.20 0.014255
5051.87 0.014042
5054.54 0.014004
5057.21 0.013870
5059.88 0.013942
5062.55 0.013839
5065.22 0.013806
5067.89 0.013534
5070.56 0.013406
5073.23 0.013406
5075.90 0.013328
5078.57 0.013290
5081.24 0.013133
5083.91 0.013128
5086.58 0.013178
5089.25 0.013197
5091.92 0.013223
5094.59 0.013390
5097.26 0.013281
5099.93 0.013168
5102.60 0.013314
5105.27 0.013172
5107.94 0.013102
5110.61 0.013204
5113.28 0.013142
5115.95 0.013335
5118.62 0.013409
5121.29 0.013211
5123.96 0.013192
5126.63 0.013284
5129.30 0.013261
5131.97 0.013377
5134.64 0.013357
5137.31 0.013582
5139.98 0.013592
5142.65 0.013797
5145.32 0.013615
5147.99 0.013747
5150.66 0.013765
5153.33 0.013960
5156.00 0.014111
5158.67 0.014350
5161.34 0.014469
5164.01 0.014299
5166.68 0.014318
5169.35 0.014353
5172.02 0.014211
5174.69 0.014500
5177.36 0.014281
5180.03 0.014351
5182.70 0.014175
5185.37 0.013851
5188.04 0.014005
5190.71 0.014005
5193.38 0.014081
5196.05 0.014157
5198.72 0.014248
5201.39 0.014303
5204.06 0.014246
5206.73 0.014146
5209.40 0.013851
5212.07 0.013747
5214.74 0.013594
5217.41 0.013792
5220.08 0.013795
5222.75 0.013681
5225.42 0.013681
5228.09 0.013631
5230.76 0.013686
5233.43 0.013710
5236.10 0.013809
5238.77 0.013983
5241.44 0.013831
5244.11 0.013820
5246.78 0.013666
5249.45 0.013547
5252.12 0.013791
5254.79 0.013629
5257.46 0.013621
5260.13 0.013789
5262.80 0.013876
5265.47 0.013732
5268.14 0.013735
5270.81 0.013707
5273.48 0.013693
5276.15 0.013907
5278.82 0.014060
5281.49 0.013952
5284.16 0.013948
5286.83 0.013709
5289.50 0.013795
5292.17 0.013804
5294.84 0.013601
5297.51 0.013409
5300.18 0.013519
5302.85 0.013561
5305.52 0.013630
5308.19 0.013551
5310.86 0.013754
5313.53 0.013717
5316.20 0.013589
5318.87 0.013783
5321.54 0.013700
5324.21 0.013459
5326.88 0.013458
5329.55 0.013430
5332.22 0.013229
5334.89 0.013080
5337.56 0.012990
5340.23 0.012883
5342.90 0.012819
5345.57 0.012570
5348.24 0.012483
5350.91 0.012623
5353.58 0.012593
5356.25 0.012637
5358.92 0.012556
5361.59 0.012549
5364.26 0.012318
5366.93 0.012483
5369.60 0.012356
5372.27 0.012220
5374.94 0.012159
5377.61 0.012113
5380.28 0.012015
5382.95 0.011953
5385.62 0.011856
5388.29 0.011912
5390.96 0.011791
5393.63 0.011684
5396.30 0.011803
5398.97 0.011853
5401.64 0.011649
5404.31 0.011764
5406.98 0.011645
5409.65 0.011873
5412.32 0.011674
5414.99 0.011775
5417.66 0.011762
5420.33 0.011872
5423.00 0.011953
5425.67 0.011850
5428.34 0.011699
5431.01 0.011785
5433.68 0.011556
5436.35 0.011517
5439.02 0.011494
5441.69 0.011411
5444.36 0.011503
5447.03 0.011273
5449.70 0.011388
5452.37 0.011209
5455.04 0.011088
5457.71 0.011164
5460.38 0.011226
5463.05 0.011347
5465.72 0.011287
5468.39 0.011124
5471.06 0.011057
5473.73 0.011121
5476.40 0.011146
5479.07 0.011054
5481.74 0.011054
5484.41 0.011296
5487.08 0.011142
5489.75 0.011083
5492.42 0.010962
5495.09 0.011124
5497.76 0.011126
5500.43 0.011126
5503.10 0.011222
5505.77 0.011070
5508.44 0.011163
5511.11 0.011196
5513.78 0.011087
5516.45 0.011243
5519.12 0.011313
5521.79 0.011221
5524.46 0.011240
5527.13 0.011107
5529.80 0.011189
5532.47 0.011330
5535.14 0.011421
5537.81 0.011240
5540.48 0.011116
5543.15 0.011238
5545.82 0.011130
5548.49 0.011169
5551.16 0.011210
5553.83 0.011019
5556.50 0.010992
5559.17 0.010668
5561.84 0.010799
5564.51 0.010658
5567.18 0.010708
5569.85 0.010777
5572.52 0.010594
5575.19 0.010863
5577.86 0.010860
5580.53 0.010730
5583.20 0.010578
5585.87 0.010686
5588.54 0.010575
5591.21 0.010574
5593.88 0.010384
5596.55 0.010527
5599.22 0.010465
5601.89 0.010408
5604.56 0.010472
5607.23 0.010548
5609.90 0.010593
5612.57 0.010618
5615.24 0.010500
5617.91 0.010579
5620.58 0.010524
5623.25 0.010405
5625.92 0.010560
5628.59 0.010330
5631.26 0.010546
5633.93 0.010515
5636.60 0.010451
5639.27 0.010587
5641.94 0.010523
5644.61 0.010379
5647.28 0.010445
5649.95 0.010384
5652.62 0.010162
5655.29 0.010323
5657.96 0.010263
5660.63 0.010332
5663.30 0.010302
5665.97 0.010299
5668.64 0.010358
5671.31 0.010298
5673.98 0.010422
5676.65 0.010345
5679.32 0.010429
5681.99 0.010224
5684.66 0.010278
5687.33 0.010170
5690.00 0.010240
5692.67 0.010479
5695.34 0.010250
5698.01 0.010161
5700.68 0.010312
5703.35 0.010354
5706.02 0.010234
5708.69 0.010250
5711.36 0.010126
5714.03 0.010323
5716.70 0.010393
5719.37 0.010387
5722.04 0.010542
5724.71 0.010478
5727.38 0.010344
5730.05 0.010308
5732.72 0.010417
5735.39 0.010408
5738.06 0.010437
5740.73 0.010478
5743.40 0.010396
5746.07 0.010370
5748.74 0.010322
5751.41 0.010397
5754.08 0.010213
5756.75 0.010410
5759.42 0.010228
5762.09 0.010405
5764.76 0.010311
5767.43 0.010609
5770.10 0.010589
5772.77 0.010580
5775.44 0.010455
5778.11 0.010535
5780.78 0.010310
5783.45 0.010188
5786.12 0.010339
5788.79 0.010155
5791.46 0.010345
5794.13 0.010238
5796.80 0.010301
5799.47 0.010222
5802.14 0.010194
5804.81 0.010371
5807.48 0.010564
5810.15 0.010513
5812.82 0.010404
5815.49 0.010553
5818.16 0.010584
5820.83 0.010441
5823.50 0.010636
5826.17 0.010530
5828.84 0.010655
5831.51 0.010742
5834.18 0.010712
5836.85 0.010388
5839.52 0.010761
5842.19 0.010758
5844.86 0.010695
5847.53 0.010966
5850.20 0.010932
5852.87 0.010951
5855.54 0.011098
5858.21 0.011293
5860.88 0.011058
5863.55 0.011209
5866.22 0.011002
5868.89 0.010970
5871.56 0.011220
5874.23 0.011116
5876.90 0.011584
5879.57 0.011486
5882.24 0.011300
5884.91 0.011328
5887.58 0.011079
5890.25 0.011117
5892.92 0.011000
5895.59 0.010618
5898.26 0.010756
5900.93 0.010779
5903.60 0.010856
5906.27 0.010727
5908.94 0.010693
5911.61 0.010710
5914.28 0.010660
5916.95 0.010520
5919.62 0.010271
5922.29 0.010509
5924.96 0.010367
5927.63 0.010563
5930.30 0.010367
5932.97 0.010104
5935.64 0.010283
5938.31 0.010076
5940.98 0.010257
5943.65 0.010313
5946.32 0.010273
5948.99 0.010367
5951.66 0.010256
5954.33 0.009987
5957.00 0.009944
5959.67 0.009948
5962.34 0.009996
5965.01 0.010237
5967.68 0.010204
5970.35 0.010156
5973.02 0.009962
5975.69 0.010198
5978.36 0.010257
5981.03 0.010020
5983.70 0.010383
5986.37 0.009891
5989.04 0.009866
5991.71 0.009911
5994.38 0.009977
5997.05 0.009702
5999.72 0.009933
6002.39 0.009850
6005.06 0.009803
6007.73 0.009985
6010.40 0.009643
6013.07 0.009764
6015.74 0.009888
6018.41 0.009641
6021.08 0.009878
6023.75 0.009898
6026.42 0.009616
6029.09 0.009830
6031.76 0.009722
6034.43 0.009624
6037.10 0.009462
6039.77 0.009482
6042.44 0.009482
6045.11 0.009543
6047.78 0.009748
6050.45 0.009631
6053.12 0.009904
6055.79 0.009458
6058.46 0.009612
6061.13 0.009416
6063.80 0.009638
6066.47 0.009812
6069.14 0.009554
6071.81 0.009844
6074.48 0.009983
6077.15 0.009937
6079.82 0.009815
6082.49 0.009831
6085.16 0.010051
6087.83 0.009963
6090.50 0.009836
6093.17 0.009481
6095.84 0.009530
6098.51 0.009448
6101.18 0.009452
6103.85 0.009451
6106.52 0.009411
6109.19 0.009440
6111.86 0.009490
6114.53 0.009430
6117.20 0.009503
6119.87 0.009627
6122.54 0.009477
6125.21 0.009299
6127.88 0.009554
6130.55 0.009472
6133.22 0.010007
6135.89 0.009200
6138.56 0.009465
6141.23 0.009598
6143.90 0.009758
6146.57 0.009663
6149.24 0.009625
6151.91 0.009504
6154.58 0.009702
6157.25 0.009712
6159.92 0.009721
6162.59 0.009499
6165.26 0.009639
6167.93 0.009595
6170.60 0.009612
6173.27 0.009543
6175.94 0.009736
6178.61 0.009616
6181.28 0.009626
6183.95 0.009762
6186.62 0.009498
6189.29 0.009655
6191.96 0.009655
6194.63 0.009833
6197.30 0.009942
6199.97 0.009725
6202.64 0.009681
6205.31 0.009453
6207.98 0.009725
6210.65 0.009677
6213.32 0.009783
6215.99 0.009647
6218.66 0.009530
6221.33 0.009755
6224.00 0.009730
6226.67 0.009912
6229.34 0.009502
6232.01 0.009661
6234.68 0.009731
6237.35 0.009865
6240.02 0.010046
6242.69 0.010031
6245.36 0.009949
6248.03 0.009711
6250.70 0.009833
6253.37 0.009928
6256.04 0.009834
6258.71 0.009951
6261.38 0.010041
6264.05 0.009712
6266.72 0.009839
6269.39 0.009836
6272.06 0.009735
6274.73 0.009579
6277.40 0.009757
6280.07 0.009714
6282.74 0.009759
6285.41 0.009818
6288.08 0.009570
6290.75 0.010085
6293.42 0.009854
6296.09 0.009840
6298.76 0.010135
6301.43 0.010495
6304.10 0.010238
6306.77 0.010333
6309.44 0.010313
6312.11 0.010146
6314.78 0.010152
6317.45 0.010079
6320.12 0.010125
6322.79 0.010182
6325.46 0.010387
6328.13 0.010154
6330.80 0.010155
6333.47 0.010223
6336.14 0.010284
6338.81 0.010101
6341.48 0.010119
6344.15 0.010245
6346.82 0.010134
6349.49 0.010322
6352.16 0.010443
6354.83 0.010496
6357.50 0.010179
6360.17 0.010572
6362.84 0.010583
6365.51 0.010775
6368.18 0.010576
6370.85 0.010536
6373.52 0.010700
6376.19 0.010788
6378.86 0.010372
6381.53 0.010405
6384.20 0.010371
6386.87 0.010648
6389.54 0.010981
6392.21 0.010556
6394.88 0.010565
6397.55 0.010659
6400.22 0.010928
6402.89 0.010738
6405.56 0.010911
6408.23 0.010604
6410.90 0.010786
6413.57 0.011215
6416.24 0.011099
6418.91 0.011168
6421.58 0.011398
6424.25 0.011305
6426.92 0.011548
6429.59 0.011623
6432.26 0.011635
6434.93 0.011483
6437.60 0.011756
6440.27 0.011783
6442.94 0.011802
6445.61 0.012022
6448.28 0.011948
6450.95 0.012136
6453.62 0.012426
6456.29 0.012674
6458.96 0.012598
6461.63 0.013047
6464.30 0.013133
6466.97 0.013425
6469.64 0.013720
6472.31 0.014082
6474.98 0.013833
6477.65 0.014341
6480.32 0.015004
6482.99 0.015155
6485.66 0.015322
6488.33 0.015591
6491.00 0.016161
6493.67 0.016671
6496.34 0.017053
6499.01 0.017189
6501.68 0.017711
6504.35 0.018044
6507.02 0.018825
6509.69 0.019829
6512.36 0.020741
6515.03 0.020914
6517.70 0.022175
6520.37 0.023260
6523.04 0.024248
6525.71 0.025032
6528.38 0.026229
6531.05 0.027783
6533.72 0.029015
6536.39 0.030231
6539.06 0.032017
6541.73 0.033255
6544.40 0.035221
6547.07 0.037600
6549.74 0.039714
6552.41 0.041626
6555.08 0.043143
6557.75 0.046322
6560.42 0.049794
6563.09 0.051776
6565.76 0.052365
6568.43 0.051051
6571.10 0.048183
6573.77 0.046247
6576.44 0.043673
6579.11 0.041952
6581.78 0.040018
6584.45 0.038621
6587.12 0.037619
6589.79 0.035728
6592.46 0.033555
6595.13 0.031803
6597.80 0.030221
6600.47 0.028848
6603.14 0.027291
6605.81 0.025704
6608.48 0.024719
6611.15 0.023694
6613.82 0.022637
6616.49 0.021108
6619.16 0.020432
6621.83 0.020206
6624.50 0.019425
6627.17 0.018458
6629.84 0.018174
6632.51 0.017487
6635.18 0.017387
6637.85 0.017002
6640.52 0.016592
6643.19 0.016016
6645.86 0.015570
6648.53 0.015353
6651.20 0.015243
6653.87 0.015012
6656.54 0.014891
6659.21 0.014308
6661.88 0.014192
6664.55 0.013834
6667.22 0.013377
6669.89 0.013392
6672.56 0.012945
6675.23 0.012548
6677.90 0.012459
6680.57 0.012339
6683.24 0.012361
6685.91 0.011607
6688.58 0.011451
6691.25 0.011174
6693.92 0.011147
6696.59 0.011125
6699.26 0.010917
6701.93 0.010896
6704.60 0.010691
6707.27 0.010633
6709.94 0.010801
6712.61 0.010648
6715.28 0.010910
6717.95 0.011182
6720.62 0.010774
6723.29 0.010703
6725.96 0.010640
6728.63 0.010445
6731.30 0.010443
6733.97 0.010344
6736.64 0.010035
6739.31 0.009725
6741.98 0.009626
6744.65 0.009580
6747.32 0.009307
6749.99 0.009181
6752.66 0.009151
6755.33 0.009054
6758.00 0.009138
6760.67 0.008964
6763.34 0.008994
6766.01 0.008863
6768.68 0.008823
6771.35 0.008832
6774.02 0.008949
6776.69 0.008785
6779.36 0.008745
6782.03 0.008755
6784.70 0.008933
6787.37 0.009037
6790.04 0.008891
6792.71 0.008844
6795.38 0.008827
6798.05 0.008642
6800.72 0.008655
6803.39 0.008741
6806.06 0.008788
6808.73 0.008629
6811.40 0.008679
6814.07 0.008692
6816.74 0.008766
6819.41 0.008939
6822.08 0.008653
6824.75 0.008732
6827.42 0.008678
6830.09 0.008807
6832.76 0.008664
6835.43 0.008651
6838.10 0.008669
6840.77 0.008702
6843.44 0.008520
6846.11 0.008485
6848.78 0.008542
6851.45 0.008449
6854.12 0.008504
6856.79 0.008566
6859.46 0.008545
6862.13 0.008357
6864.80 0.008513
6867.47 0.008752
6870.14 0.008549
6872.81 0.008706
6875.48 0.008567
6878.15 0.008601
6880.82 0.008554
6883.49 0.008547
6886.16 0.008640
6888.83 0.008156
6891.50 0.008606
6894.17 0.008569
6896.84 0.008484
6899.51 0.008529
6902.18 0.008526
6904.85 0.008343
6907.52 0.008208
6910.19 0.008714
6912.86 0.008925
6915.53 0.008983
6918.20 0.008938
6920.87 0.008557
6923.54 0.008653
6926.21 0.008505
6928.88 0.008605
6931.55 0.008651
6934.22 0.008622
6936.89 0.008685
6939.56 0.008770
6942.23 0.008418
6944.90 0.008246
6947.57 0.008255
6950.24 0.008726
6952.91 0.008913
6955.58 0.009040
6958.25 0.008880
6960.92 0.009015
6963.59 0.009035
6966.26 0.008971
6968.93 0.009151
6971.60 0.008834
6974.27 0.009124
6976.94 0.009294
6979.61 0.009440
6982.28 0.009794
6984.95 0.009617
6987.62 0.009702
6990.29 0.009453
6992.96 0.009490
6995.63 0.009646
6998.30 0.009625
7000.97 0.009498
7003.64 0.009511
7006.31 0.009538
7008.98 0.009126
7011.65 0.009487
7014.32 0.009448
7016.99 0.009230
7019.66 0.009604
7022.33 0.009396
7025.00 0.009639
7027.67 0.009806
7030.34 0.009640
7033.01 0.009675
7035.68 0.009707
7038.35 0.009891
7041.02 0.010242
7043.69 0.009918
7046.36 0.009728
7049.03 0.010083
7051.70 0.009835
7054.37 0.009506
7057.04 0.009220
7059.71 0.009220
7062.38 0.009697
7065.05 0.010109
7067.72 0.009786
7070.39 0.009570
7073.06 0.009069
7075.73 0.009480
7078.40 0.009677
7081.07 0.009799
7083.74 0.009578
7086.41 0.009090
7089.08 0.008988
7091.75 0.009532
7094.42 0.009474
7097.09 0.009323
7099.76 0.009186
7102.43 0.009271
7105.10 0.009373
7107.77 0.009767
7110.44 0.009695
7113.11 0.009774
7115.78 0.009671
7118.45 0.009947
7121.12 0.009633
7123.79 0.009733
7126.46 0.009765
7129.13 0.009825
7131.80 0.009938
7134.47 0.009761
7137.14 0.009985
7139.81 0.009778
7142.48 0.009648
7145.15 0.009622
7147.82 0.009602
7150.49 0.009617
7153.16 0.009477
7155.83 0.009416
7158.50 0.009693
7161.17 0.009475
7163.84 0.009573
7166.51 0.009281
7169.18 0.009570
7171.85 0.009564
7174.52 0.009734
7177.19 0.009654
7179.86 0.009689
7182.53 0.009820
7185.20 0.010192
7187.87 0.009883
7190.54 0.009683
7193.21 0.009377
7195.88 0.009298
7198.55 0.009862
7201.22 0.009238
7203.89 0.009320
7206.56 0.009249
7209.23 0.009238
7211.90 0.009536
7214.57 0.009555
7217.24 0.009320
7219.91 0.009446
7222.58 0.009376
7225.25 0.009621
7227.92 0.009793
7230.59 0.009444
7233.26 0.009313
7235.93 0.009532
7238.60 0.009655
7241.27 0.009536
7243.94 0.009582
7246.61 0.009359
7249.28 0.009397
7251.95 0.009494
7254.62 0.009429
7257.29 0.009466
7259.96 0.009296
7262.63 0.009184
7265.30 0.009353
7267.97 0.009289
7270.64 0.009367
7273.31 0.009585
7275.98 0.009433
7278.65 0.009217
7281.32 0.008911
7283.99 0.009093
7286.66 0.009557
7289.33 0.009616
7292.00 0.009232
7294.67 0.009307
7297.34 0.009499
7300.01 0.009369
7302.68 0.009359
7305.35 0.009254
7308.02 0.009796
7310.69 0.009381
7313.36 0.009553
7316.03 0.009527
7318.70 0.009887
7321.37 0.009964
7324.04 0.009759
7326.71 0.009801
7329.38 0.009819
7332.05 0.009615
7334.72 0.009727
7337.39 0.009688
7340.06 0.009422
7342.73 0.009538
7345.40 0.009398
7348.07 0.009416
7350.74 0.009376
7353.41 0.009291
7356.08 0.009209
7358.75 0.009688
7361.42 0.009414
7364.09 0.009495
7366.76 0.009582
7369.43 0.009554
7372.10 0.009400
7374.77 0.009573
7377.44 0.009104
7380.11 0.009637
7382.78 0.009709
7385.45 0.009192
7388.12 0.009305
7390.79 0.009295
7393.46 0.009309
7396.13 0.009173
7398.80 0.009214
7401.47 0.008918
7404.14 0.009390
7406.81 0.009291
7409.48 0.009234
7412.15 0.009464
7414.82 0.008700
7417.49 0.009040
7420.16 0.009271
7422.83 0.009587
7425.50 0.009303
7428.17 0.009339
7430.84 0.008806
7433.51 0.008909
7436.18 0.009193
7438.85 0.008963
7441.52 0.009183
7444.19 0.009375
7446.86 0.009178
7449.53 0.008909
7452.20 0.009229
7454.87 0.009278
7457.54 0.009585
7460.21 0.009677
7462.88 0.009465
7465.55 0.009689
7468.22 0.009622
7470.89 0.009596
7473.56 0.009696
7476.23 0.009744
7478.90 0.009590
7481.57 0.009678
7484.24 0.009580
7486.91 0.009564
7489.58 0.009805
7492.25 0.009624
7494.92 0.009558
7497.59 0.009507
7502.00 0.009132
7504.50 0.009128
7507.00 0.009123
7509.50 0.009119
7512.00 0.009114
7514.50 0.009109
7517.01 0.009105
7519.51 0.009100
7522.01 0.009095
7524.51 0.009091
7527.01 0.009086
7529.51 0.009082
7532.01 0.009077
7534.51 0.009072
7537.01 0.009068
7539.51 0.009063
7542.01 0.009058
7544.51 0.009054
7547.02 0.009049
7549.52 0.009045
7552.02 0.009040
7554.52 0.009036
7557.02 0.009031
7559.52 0.009026
7562.02 0.009022
7564.52 0.009017
7567.02 0.009013
7569.52 0.009008
7572.02 0.009004
7574.52 0.008999
7577.03 0.008994
7579.53 0.008990
7582.03 0.008985
7584.53 0.008981
7587.03 0.008976
7589.53 0.008972
7592.03 0.008967
7594.53 0.008963
7597.03 0.008958
7599.53 0.008954
7602.03 0.008949
7604.53 0.008945
7607.04 0.008940
7609.54 0.008936
7612.04 0.008931
7614.54 0.008926
7617.04 0.008922
7619.54 0.008917
7622.04 0.008913
7624.54 0.008909
7627.04 0.008904
7629.54 0.008900
7632.04 0.008895
7634.54 0.008891
7637.05 0.008886
7639.55 0.008882
7642.05 0.008877
7644.55 0.008873
7647.05 0.008868
7649.55 0.008864
7652.05 0.008859
7654.55 0.008855
7657.05 0.008850
7659.55 0.008846
7662.05 0.008842
7664.55 0.008837
7667.06 0.008833
7669.56 0.008828
7672.06 0.008824
7674.56 0.008819
7677.06 0.008815
7679.56 0.008810
7682.06 0.008806
7684.56 0.008802
7687.06 0.008797
7689.56 0.008793
7692.06 0.008788
7694.56 0.008784
7697.07 0.008780
7699.57 0.008775
7702.07 0.008771
7704.57 0.008766
7707.07 0.008762
7709.57 0.008758
7712.07 0.008753
7714.57 0.008749
7717.07 0.008745
7719.57 0.008740
7722.07 0.008736
7724.57 0.008731
7727.08 0.008727
7729.58 0.008723
7732.08 0.008718
7734.58 0.008714
7737.08 0.008710
7739.58 0.008705
7742.08 0.008701
7744.58 0.008697
7747.08 0.008692
7749.58 0.008688
7752.08 0.008684
7754.58 0.008679
7757.09 0.008675
7759.59 0.008671
7762.09 0.008666
7764.59 0.008662
7767.09 0.008658
7769.59 0.008653
7772.09 0.008649
7774.59 0.008645
7777.09 0.008640
7779.59 0.008636
7782.09 0.008632
7784.59 0.008628
7787.10 0.008623
7789.60 0.008619
7792.10 0.008615
7794.60 0.008610
7797.10 0.008606
7799.60 0.008602
7802.10 0.008598
7804.60 0.008593
7807.10 0.008589
7809.60 0.008585
7812.10 0.008581
7814.60 0.008576
7817.11 0.008572
7819.61 0.008568
7822.11 0.008564
7824.61 0.008559
7827.11 0.008555
7829.61 0.008551
7832.11 0.008547
7834.61 0.008542
7837.11 0.008538
7839.61 0.008534
7842.11 0.008530
7844.61 0.008526
7847.12 0.008521
7849.62 0.008517
7852.12 0.008513
7854.62 0.008509
7857.12 0.008504
7859.62 0.008500
7862.12 0.008496
7864.62 0.008492
7867.12 0.008488
7869.62 0.008483
7872.12 0.008479
7874.62 0.008475
7877.13 0.008471
7879.63 0.008467
7882.13 0.008463
7884.63 0.008458
7887.13 0.008454
7889.63 0.008450
7892.13 0.008446
7894.63 0.008442
7897.13 0.008438
7899.63 0.008433
7902.13 0.008429
7904.63 0.008425
7907.14 0.008421
7909.64 0.008417
7912.14 0.008413
7914.64 0.008409
7917.14 0.008404
7919.64 0.008400
7922.14 0.008396
7924.64 0.008392
7927.14 0.008388
7929.64 0.008384
7932.14 0.008380
7934.64 0.008376
7937.15 0.008371
7939.65 0.008367
7942.15 0.008363
7944.65 0.008359
7947.15 0.008355
7949.65 0.008351
7952.15 0.008347
7954.65 0.008343
7957.15 0.008339
7959.65 0.008335
7962.15 0.008331
7964.65 0.008326
7967.16 0.008322
7969.66 0.008318
7972.16 0.008314
7974.66 0.008310
7977.16 0.008306
7979.66 0.008302
7982.16 0.008298
7984.66 0.008294
7987.16 0.008290
7989.66 0.008286
7992.16 0.008282
7994.66 0.008278
7997.17 0.008274
7999.67 0.008270
8002.17 0.008266
8004.67 0.008262
8007.17 0.008257
8009.67 0.008253
8012.17 0.008249
8014.67 0.008245
8017.17 0.008241
8019.67 0.008237
8022.17 0.008233
8024.67 0.008229
8027.18 0.008225
8029.68 0.008221
8032.18 0.008217
8034.68 0.008213
8037.18 0.008209
8039.68 0.008205
8042.18 0.008201
8044.68 0.008197
8047.18 0.008193
8049.68 0.008189
8052.18 0.008185
8054.68 0.008181
8057.19 0.008177
8059.69 0.008173
8062.19 0.008169
8064.69 0.008165
8067.19 0.008162
8069.69 0.008158
8072.19 0.008154
8074.69 0.008150
8077.19 0.008146
8079.69 0.008142
8082.19 0.008138
8084.69 0.008134
8087.20 0.008130
8089.70 0.008126
8092.20 0.008122
8094.70 0.008118
8097.20 0.008114
8099.70 0.008110
8102.20 0.008106
8104.70 0.008102
8107.20 0.008098
8109.70 0.008094
8112.20 0.008091
8114.70 0.008087
8117.21 0.008083
8119.71 0.008079
8122.21 0.008075
8124.71 0.008071
8127.21 0.008067
8129.71 0.008063
8132.21 0.008059
8134.71 0.008055
8137.21 0.008052
8139.71 0.008048
8142.21 0.008044
8144.71 0.008040
8147.22 0.008036
8149.72 0.008032
8152.22 0.008028
8154.72 0.008024
8157.22 0.008020
8159.72 0.008017
8162.22 0.008013
8164.72 0.008009
8167.22 0.008005
8169.72 0.008001
8172.22 0.007997
8174.72 0.007993
8177.23 0.007990
8179.73 0.007986
8182.23 0.007982
8184.73 0.007978
8187.23 0.007974
8189.73 0.007970
8192.23 0.007967
8194.73 0.007963
8197.23 0.007959
8199.73 0.007955
8202.23 0.007951
8204.73 0.007947
8207.24 0.007944
8209.74 0.007940
8212.24 0.007936
8214.74 0.007932
8217.24 0.007928
8219.74 0.007925
8222.24 0.007921
8224.74 0.007917
8227.24 0.007913
8229.74 0.007909
8232.24 0.007906
8234.74 0.007902
8237.25 0.007898
8239.75 0.007894
8242.25 0.007890
8244.75 0.007887
8247.25 0.007883
8249.75 0.007879
8252.25 0.007875
8254.75 0.007871
8257.25 0.007868
8259.75 0.007864
8262.25 0.007860
8264.75 0.007856
8267.26 0.007853
8269.76 0.007849
8272.26 0.007845
8274.76 0.007841
8277.26 0.007838
8279.76 0.007834
8282.26 0.007830
8284.76 0.007826
8287.26 0.007823
8289.76 0.007819
8292.26 0.007815
8294.76 0.007811
8297.27 0.007808
8299.77 0.007804
8302.27 0.007800
8304.77 0.007797
8307.27 0.007793
8309.77 0.007789
8312.27 0.007785
8314.77 0.007782
8317.27 0.007778
8319.77 0.007774
8322.27 0.007771
8324.77 0.007767
8327.28 0.007763
8329.78 0.007759
8332.28 0.007756
8334.78 0.007752
8337.28 0.007748
8339.78 0.007745
8342.28 0.007741
8344.78 0.007737
8347.28 0.007734
8349.78 0.007730
8352.28 0.007726
8354.78 0.007723
8357.29 0.007719
8359.79 0.007715
8362.29 0.007712
8364.79 0.007708
8367.29 0.007704
8369.79 0.007701
8372.29 0.007697
8374.79 0.007693
8377.29 0.007690
8379.79 0.007686
8382.29 0.007682
8384.79 0.007679
8387.30 0.007675
8389.80 0.007671
8392.30 0.007668
8394.80 0.007664
8397.30 0.007661
8399.80 0.007657
8402.30 0.007653
8404.80 0.007650
8407.30 0.007646
8409.80 0.007642
8412.30 0.007639
8414.80 0.007635
8417.31 0.007632
8419.81 0.007628
8422.31 0.007624
8424.81 0.007621
8427.31 0.007617
8429.81 0.007614
8432.31 0.007610
8434.81 0.007606
8437.31 0.007603
8439.81 0.007599
8442.31 0.007596
8444.81 0.007592
8447.32 0.007588
8449.82 0.007585
8452.32 0.007581
8454.82 0.007578
8457.32 0.007574
8459.82 0.007571
8462.32 0.007567
8464.82 0.007563
8467.32 0.007560
8469.82 0.007556
8472.32 0.007553
8474.82 0.007549
8477.33 0.007546
8479.83 0.007542
8482.33 0.007538
8484.83 0.007535
8487.33 0.007531
8489.83 0.007528
8492.33 0.007524
8494.83 0.007521
8497.33 0.007517
8499.83 0.007514
8502.33 0.007510
8504.83 0.007507
8507.34 0.007503
8509.84 0.007500
8512.34 0.007496
8514.84 0.007492
8517.34 0.007489
8519.84 0.007485
8522.34 0.007482
8524.84 0.007478
8527.34 0.007475
8529.84 0.007471
8532.34 0.007468
8534.84 0.007464
8537.35 0.007461
8539.85 0.007457
8542.35 0.007454
8544.85 0.007450
8547.35 0.007447
8549.85 0.007443
8552.35 0.007440
8554.85 0.007436
8557.35 0.007433
8559.85 0.007429
8562.35 0.007426
8564.85 0.007423
8567.36 0.007419
8569.86 0.007416
8572.36 0.007412
8574.86 0.007409
8577.36 0.007405
8579.86 0.007402
8582.36 0.007398
8584.86 0.007395
8587.36 0.007391
8589.86 0.007388
8592.36 0.007384
8594.86 0.007381
8597.37 0.007377
8599.87 0.007374
8602.37 0.007371
8604.87 0.007367
8607.37 0.007364
8609.87 0.007360
8612.37 0.007357
8614.87 0.007353
8617.37 0.007350
8619.87 0.007347
8622.37 0.007343
8624.87 0.007340
8627.38 0.007336
8629.88 0.007333
8632.38 0.007329
8634.88 0.007326
8637.38 0.007323
8639.88 0.007319
8642.38 0.007316
8644.88 0.007312
8647.38 0.007309
8649.88 0.007306
8652.38 0.007302
8654.88 0.007299
8657.39 0.007295
8659.89 0.007292
8662.39 0.007289
8664.89 0.007285
8667.39 0.007282
8669.89 0.007278
8672.39 0.007275
8674.89 0.007272
8677.39 0.007268
8679.89 0.007265
8682.39 0.007262
8684.89 0.007258
8687.40 0.007255
8689.90 0.007251
8692.40 0.007248
8694.90 0.007245
8697.40 0.007241
8699.90 0.007238
8702.40 0.007235
8704.90 0.007231
8707.40 0.007228
8709.90 0.007225
8712.40 0.007221
8714.90 0.007218
8717.41 0.007215
8719.91 0.007211
8722.41 0.007208
8724.91 0.007204
8727.41 0.007201
8729.91 0.007198
8732.41 0.007194
8734.91 0.007191
8737.41 0.007188
8739.91 0.007184
8742.41 0.007181
8744.91 0.007178
8747.42 0.007175
8749.92 0.007171
8752.42 0.007168
8754.92 0.007165
8757.42 0.007161
8759.92 0.007158
8762.42 0.007155
8764.92 0.007151
8767.42 0.007148
8769.92 0.007145
8772.42 0.007141
8774.92 0.007138
8777.43 0.007135
8779.93 0.007132
8782.43 0.007128
8784.93 0.007125
8787.43 0.007122
8789.93 0.007118
8792.43 0.007115
8794.93 0.007112
8797.43 0.007109
8799.93 0.007105
8802.43 0.007102
8804.93 0.007099
8807.44 0.007095
8809.94 0.007092
8812.44 0.007089
8814.94 0.007086
8817.44 0.007082
8819.94 0.007079
8822.44 0.007076
8824.94 0.007073
8827.44 0.007069
8829.94 0.007066
8832.44 0.007063
8834.94 0.007060
8837.45 0.007056
8839.95 0.007053
8842.45 0.007050
8844.95 0.007047
8847.45 0.007043
8849.95 0.007040
8852.45 0.007037
8854.95 0.007034
8857.45 0.007030
8859.95 0.007027
8862.45 0.007024
8864.95 0.007021
8867.46 0.007018
8869.96 0.007014
8872.46 0.007011
8874.96 0.007008
8877.46 0.007005
8879.96 0.007001
8882.46 0.006998
8884.96 0.006995
8887.46 0.006992
8889.96 0.006989
8892.46 0.006985
8894.96 0.006982
8897.47 0.006979
8899.97 0.006976
8902.47 0.006973
8904.97 0.006969
8907.47 0.006966
8909.97 0.006963
8912.47 0.006960
8914.97 0.006957
8917.47 0.006954
8919.97 0.006950
8922.47 0.006947
8924.97 0.006944
8927.48 0.006941
8929.98 0.006938
8932.48 0.006935
8934.98 0.006931
8937.48 0.006928
8939.98 0.006925
8942.48 0.006922
8944.98 0.006919
8947.48 0.006916
8949.98 0.006912
8952.48 0.006909
8954.98 0.006906
8957.49 0.006903
8959.99 0.006900
8962.49 0.006897
8964.99 0.006893
8967.49 0.006890
8969.99 0.006887
8972.49 0.006884
8974.99 0.006881
8977.49 0.006878
8979.99 0.006875
8982.49 0.006871
8984.99 0.006868
8987.50 0.006865
8990.00 0.006862
8992.50 0.006859
8995.00 0.006856
8997.50 0.006853
9000.00 0.006850
