1500.00 -0.292240
1502.50 -0.291038
1505.00 -0.289843
1507.50 -0.288655
1510.00 -0.287473
1512.50 -0.286297
1515.01 -0.285128
1517.51 -0.283965
1520.01 -0.282808
1522.51 -0.281658
1525.01 -0.280514
1527.51 -0.279376
1530.01 -0.278244
1532.51 -0.277119
1535.01 -0.275999
1537.51 -0.274885
1540.01 -0.273778
1542.51 -0.272676
1545.02 -0.271580
1547.52 -0.270490
1550.02 -0.269406
1552.52 -0.268327
1555.02 -0.267254
1557.52 -0.266187
1560.02 -0.265126
1562.52 -0.264070
1565.02 -0.263020
1567.52 -0.261975
1570.02 -0.260936
1572.52 -0.259902
1575.03 -0.258873
1577.53 -0.257850
1580.03 -0.256832
1582.53 -0.255820
1585.03 -0.254813
1587.53 -0.253811
1590.03 -0.252814
1592.53 -0.251823
1595.03 -0.250836
1597.53 -0.249855
1600.03 -0.248879
1602.53 -0.247907
1605.04 -0.246941
1607.54 -0.245980
1610.04 -0.245023
1612.54 -0.244072
1615.04 -0.243125
1617.54 -0.242183
1620.04 -0.241246
1622.54 -0.240314
1625.04 -0.239387
1627.54 -0.238464
1630.04 -0.237545
1632.54 -0.236632
1635.05 -0.235723
1637.55 -0.234819
1640.05 -0.233919
1642.55 -0.233024
1645.05 -0.232133
1647.55 -0.231246
1650.05 -0.230364
1652.55 -0.229487
1655.05 -0.228614
1657.55 -0.227745
1660.05 -0.226880
1662.55 -0.226020
1665.06 -0.225164
1667.56 -0.224313
1670.06 -0.223465
1672.56 -0.222622
1675.06 -0.221783
1677.56 -0.220948
1680.06 -0.220117
1682.56 -0.219290
1685.06 -0.218467
1687.56 -0.217648
1690.06 -0.216833
1692.56 -0.216022
1695.07 -0.215215
1697.57 -0.214412
1700.07 -0.213613
1702.57 -0.212818
1705.07 -0.212027
1707.57 -0.211239
1710.07 -0.210455
1712.57 -0.209675
1715.07 -0.208899
1717.57 -0.208127
1720.07 -0.207358
1722.57 -0.206593
1725.08 -0.205831
1727.58 -0.205073
1730.08 -0.204319
1732.58 -0.203568
1735.08 -0.202821
1737.58 -0.202078
1740.08 -0.201338
1742.58 -0.200601
1745.08 -0.199868
1747.58 -0.199139
1750.08 -0.198413
1752.58 -0.197690
1755.09 -0.196971
1757.59 -0.196255
1760.09 -0.195542
1762.59 -0.194833
1765.09 -0.194127
1767.59 -0.193424
1770.09 -0.192725
1772.59 -0.192029
1775.09 -0.191336
1777.59 -0.190646
1780.09 -0.189960
1782.59 -0.189276
1785.10 -0.188596
1787.60 -0.187919
1790.10 -0.187245
1792.60 -0.186574
1795.10 -0.185907
1797.60 -0.185242
1800.10 -0.184580
1802.60 -0.183922
1805.10 -0.183266
1807.60 -0.182614
1810.10 -0.181964
1812.60 -0.181317
1815.11 -0.180674
1817.61 -0.180033
1820.11 -0.179395
1822.61 -0.178760
1825.11 -0.178128
1827.61 -0.177499
1830.11 -0.176872
1832.61 -0.176249
1835.11 -0.175628
1837.61 -0.175010
1840.11 -0.174394
1842.61 -0.173782
1845.12 -0.173172
1847.62 -0.172565
1850.12 -0.171961
1852.62 -0.171359
1855.12 -0.170760
1857.62 -0.170164
1860.12 -0.169570
1862.62 -0.168979
1865.12 -0.168390
1867.62 -0.167805
1870.12 -0.167221
1872.62 -0.166641
1875.13 -0.166062
1877.63 -0.165487
1880.13 -0.164914
1882.63 -0.164343
1885.13 -0.163775
1887.63 -0.163209
1890.13 -0.162646
1892.63 -0.162086
1895.13 -0.161527
1897.63 -0.160972
1900.13 -0.160418
1902.63 -0.159867
1905.14 -0.159319
1907.64 -0.158772
1910.14 -0.158228
1912.64 -0.157687
1915.14 -0.157148
1917.64 -0.156611
1920.14 -0.156076
1922.64 -0.155544
1925.14 -0.155014
1927.64 -0.154486
1930.14 -0.153961
1932.64 -0.153437
1935.15 -0.152916
1937.65 -0.152398
1940.15 -0.151881
1942.65 -0.151367
1945.15 -0.150854
1947.65 -0.150344
1950.15 -0.149836
1952.65 -0.149331
1955.15 -0.148827
1957.65 -0.148325
1960.15 -0.147826
1962.65 -0.147329
1965.16 -0.146834
1967.66 -0.146340
1970.16 -0.145849
1972.66 -0.145360
1975.16 -0.144873
1977.66 -0.144388
1980.16 -0.143906
1982.66 -0.143425
1985.16 -0.142946
1987.66 -0.142469
1990.16 -0.141994
1992.66 -0.141521
1995.17 -0.141050
1997.67 -0.140581
2000.17 -0.140114
2002.67 -0.139648
2005.17 -0.139185
2007.67 -0.138724
2010.17 -0.138264
2012.67 -0.137806
2015.17 -0.137351
2017.67 -0.136897
2020.17 -0.136445
2022.67 -0.135994
2025.18 -0.135546
2027.68 -0.135100
2030.18 -0.134655
2032.68 -0.134212
2035.18 -0.133771
2037.68 -0.133331
2040.18 -0.132894
2042.68 -0.132458
2045.18 -0.132024
2047.68 -0.131592
2050.18 -0.131161
2052.68 -0.130732
2055.19 -0.130305
2057.69 -0.129880
2060.19 -0.129456
2062.69 -0.129034
2065.19 -0.128614
2067.69 -0.128195
2070.19 -0.127778
2072.69 -0.127363
2075.19 -0.126949
2077.69 -0.126537
2080.19 -0.126127
2082.69 -0.125718
2085.20 -0.125311
2087.70 -0.124905
2090.20 -0.124501
2092.70 -0.124099
2095.20 -0.123698
2097.70 -0.123299
2100.20 -0.122901
2102.70 -0.122505
2105.20 -0.122111
2107.70 -0.121718
2110.20 -0.121326
2112.70 -0.120936
2115.21 -0.120548
2117.71 -0.120161
2120.21 -0.119776
2122.71 -0.119392
2125.21 -0.119009
2127.71 -0.118628
2130.21 -0.118249
2132.71 -0.117871
2135.21 -0.117495
2137.71 -0.117120
2140.21 -0.116746
2142.71 -0.116374
2145.22 -0.116003
2147.72 -0.115634
2150.22 -0.115266
2152.72 -0.114899
2155.22 -0.114534
2157.72 -0.114171
2160.22 -0.113808
2162.72 -0.113447
2165.22 -0.113088
2167.72 -0.112730
2170.22 -0.112373
2172.72 -0.112017
2175.23 -0.111663
2177.73 -0.111310
2180.23 -0.110959
2182.73 -0.110609
2185.23 -0.110260
2187.73 -0.109913
2190.23 -0.109566
2192.73 -0.109222
2195.23 -0.108878
2197.73 -0.108536
2200.23 -0.108195
2202.73 -0.107855
2205.24 -0.107517
2207.74 -0.107179
2210.24 -0.106843
2212.74 -0.106509
2215.24 -0.106175
2217.74 -0.105843
2220.24 -0.105512
2222.74 -0.105182
2225.24 -0.104854
2227.74 -0.104527
2230.24 -0.104201
2232.74 -0.103876
2235.25 -0.103552
2237.75 -0.103230
2240.25 -0.102908
2242.75 -0.102588
2245.25 -0.102269
2247.75 -0.101951
2250.25 -0.101635
2252.75 -0.101319
2255.25 -0.101005
2257.75 -0.100692
2260.25 -0.100380
2262.75 -0.100069
2265.26 -0.099759
2267.76 -0.099451
2270.26 -0.099143
2272.76 -0.098837
2275.26 -0.098532
2277.76 -0.098227
2280.26 -0.097924
2282.76 -0.097622
2285.26 -0.097322
2287.76 -0.097022
2290.26 -0.096723
2292.76 -0.096425
2295.27 -0.096129
2297.77 -0.095833
2300.27 -0.095539
2302.77 -0.095246
2305.27 -0.094953
2307.77 -0.094662
2310.27 -0.094372
2312.77 -0.094082
2315.27 -0.093794
2317.77 -0.093507
2320.27 -0.093221
2322.77 -0.092936
2325.28 -0.092652
2327.78 -0.092369
2330.28 -0.092087
2332.78 -0.091805
2335.28 -0.091525
2337.78 -0.091246
2340.28 -0.090968
2342.78 -0.090691
2345.28 -0.090415
2347.78 -0.090139
2350.28 -0.089865
2352.78 -0.089592
2355.29 -0.089320
2357.79 -0.089048
2360.29 -0.088778
2362.79 -0.088508
2365.29 -0.088240
2367.79 -0.087972
2370.29 -0.087705
2372.79 -0.087440
2375.29 -0.087175
2377.79 -0.086911
2380.29 -0.086648
2382.79 -0.086386
2385.30 -0.086125
2387.80 -0.085864
2390.30 -0.085605
2392.80 -0.085346
2395.30 -0.085089
2397.80 -0.084832
2400.30 -0.084576
2402.80 -0.084321
2405.30 -0.084067
2407.80 -0.083814
2410.30 -0.083562
2412.80 -0.083310
2415.31 -0.083060
2417.81 -0.082810
2420.31 -0.082561
2422.81 -0.082313
2425.31 -0.082066
2427.81 -0.081819
2430.31 -0.081574
2432.81 -0.081329
2435.31 -0.081085
2437.81 -0.080842
2440.31 -0.080600
2442.81 -0.080358
2445.32 -0.080118
2447.82 -0.079878
2450.32 -0.079639
2452.82 -0.079401
2455.32 -0.079163
2457.82 -0.078927
2460.32 -0.078691
2462.82 -0.078456
2465.32 -0.078222
2467.82 -0.077988
2470.32 -0.077756
2472.82 -0.077524
2475.33 -0.077293
2486.00 -0.070569
2488.67 -0.069007
2491.34 -0.071760
2494.01 -0.068205
2496.68 -0.065908
2499.35 -0.067983
2502.02 -0.062062
2504.69 -0.064602
2507.36 -0.065704
2510.03 -0.064942
2512.70 -0.068876
2515.37 -0.072510
2518.04 -0.065354
2520.71 -0.062415
2523.38 -0.063379
2526.05 -0.062433
2528.72 -0.066134
2531.39 -0.068248
2534.06 -0.066407
2536.73 -0.064815
2539.40 -0.063773
2542.07 -0.061951
2544.74 -0.063577
2547.41 -0.067158
2550.08 -0.063765
2552.75 -0.062981
2555.42 -0.066129
2558.09 -0.065549
2560.76 -0.062972
2563.43 -0.059880
2566.10 -0.061417
2568.77 -0.062506
2571.44 -0.061632
2574.11 -0.063604
2576.78 -0.059187
2579.45 -0.063733
2582.12 -0.061477
2584.79 -0.061289
2587.46 -0.062607
2590.13 -0.061353
2592.80 -0.056546
2595.47 -0.058632
2598.14 -0.064866
2600.81 -0.068427
2603.48 -0.067763
2606.15 -0.062150
2608.82 -0.066110
2611.49 -0.062398
2614.16 -0.058105
2616.83 -0.059259
2619.50 -0.058692
2622.17 -0.061337
2624.84 -0.059094
2627.51 -0.058706
2630.18 -0.057810
2632.85 -0.058385
2635.52 -0.057717
2638.19 -0.054595
2640.86 -0.057179
2643.53 -0.058594
2646.20 -0.052316
2648.87 -0.054528
2651.54 -0.050826
2654.21 -0.057121
2656.88 -0.049007
2659.55 -0.050250
2662.22 -0.043917
2664.89 -0.050374
2667.56 -0.047080
2670.23 -0.045793
2672.90 -0.044925
2675.57 -0.046286
2678.24 -0.049735
2680.91 -0.045095
2683.58 -0.043543
2686.25 -0.044612
2688.92 -0.045064
2691.59 -0.046069
2694.26 -0.049605
2696.93 -0.039712
2699.60 -0.042549
2702.27 -0.039697
2704.94 -0.040496
2707.61 -0.042867
2710.28 -0.046637
2712.95 -0.043714
2715.62 -0.042509
2718.29 -0.040505
2720.96 -0.041133
2723.63 -0.043474
2726.30 -0.042818
2728.97 -0.044458
2731.64 -0.040057
2734.31 -0.041014
2736.98 -0.039214
2739.65 -0.043497
2742.32 -0.040677
2744.99 -0.041688
2747.66 -0.046905
2750.33 -0.042122
2753.00 -0.043243
2755.67 -0.041421
2758.34 -0.042965
2761.01 -0.045837
2763.68 -0.041856
2766.35 -0.046279
2769.02 -0.042981
2771.69 -0.050046
2774.36 -0.052779
2777.03 -0.053464
2779.70 -0.061742
2782.37 -0.056659
2785.04 -0.059274
2787.71 -0.063456
2790.38 -0.065351
2793.05 -0.069871
2795.72 -0.077655
2798.39 -0.078042
2801.06 -0.074437
2803.73 -0.081126
2806.40 -0.077429
2809.07 -0.067766
2811.74 -0.062765
2814.41 -0.058569
2817.08 -0.054479
2819.75 -0.052005
2822.42 -0.047975
2825.09 -0.047612
2827.76 -0.044778
2830.43 -0.048679
2833.10 -0.041264
2835.77 -0.041426
2838.44 -0.041989
2841.11 -0.039069
2843.78 -0.041187
2846.45 -0.040041
2849.12 -0.043014
2851.79 -0.038906
2854.46 -0.039733
2857.13 -0.041957
2859.80 -0.036018
2862.47 -0.037880
2865.14 -0.039139
2867.81 -0.039293
2870.48 -0.038501
2873.15 -0.038408
2875.82 -0.035821
2878.49 -0.036908
2881.16 -0.036460
2883.83 -0.034956
2886.50 -0.034367
2889.17 -0.034514
2891.84 -0.030873
2894.51 -0.031384
2897.18 -0.031837
2899.85 -0.031087
2902.52 -0.028966
2905.19 -0.028273
2907.86 -0.026117
2910.53 -0.029705
2913.20 -0.028316
2915.87 -0.026918
2918.54 -0.028868
2921.21 -0.026661
2923.88 -0.028403
2926.55 -0.027948
2929.22 -0.027329
2931.89 -0.028266
2934.56 -0.027603
2937.23 -0.024090
2939.90 -0.027967
2942.57 -0.027245
2945.24 -0.024497
2947.91 -0.024037
2950.58 -0.024693
2953.25 -0.022806
2955.92 -0.022749
2958.59 -0.022350
2961.26 -0.023297
2963.93 -0.022821
2966.60 -0.019119
2969.27 -0.020641
2971.94 -0.022836
2974.61 -0.021121
2977.28 -0.020550
2979.95 -0.018764
2982.62 -0.017240
2985.29 -0.017094
2987.96 -0.018082
2990.63 -0.015528
2993.30 -0.016169
2995.97 -0.014269
2998.64 -0.014068
3001.31 -0.011157
3003.98 -0.014247
3006.65 -0.014247
3009.32 -0.012949
3011.99 -0.008623
3014.66 -0.009533
3017.33 -0.009751
3020.00 -0.008518
3022.67 -0.010143
3025.34 -0.007522
3028.01 -0.008524
3030.68 -0.008618
3033.35 -0.008596
3036.02 -0.008260
3038.69 -0.005983
3041.36 -0.007328
3044.03 -0.007767
3046.70 -0.007643
3049.37 -0.008491
3052.04 -0.007406
3054.71 -0.007548
3057.38 -0.006975
3060.05 -0.009315
3062.72 -0.006190
3065.39 -0.007678
3068.06 -0.007015
3070.73 -0.006073
3073.40 -0.005774
3076.07 -0.009388
3078.74 -0.005645
3081.41 -0.005200
3084.08 -0.005952
3086.75 -0.004229
3089.42 -0.006989
3092.09 -0.005875
3094.76 -0.006599
3097.43 -0.004008
3100.10 -0.005239
3102.77 -0.004954
3105.44 -0.004131
3108.11 -0.005451
3110.78 -0.005559
3113.45 -0.005084
3116.12 -0.006004
3118.79 -0.005174
3121.46 -0.007281
3124.13 -0.005438
3126.80 -0.005283
3129.47 -0.006282
3132.14 -0.004124
3134.81 -0.003871
3137.48 -0.002502
3140.15 -0.005397
3142.82 -0.004794
3145.49 -0.004371
3148.16 -0.003215
3150.83 -0.003791
3153.50 -0.004146
3156.17 -0.004622
3158.84 -0.006222
3161.51 -0.006227
3164.18 -0.006382
3166.85 -0.007224
3169.52 -0.007691
3172.19 -0.005942
3174.86 -0.004778
3177.53 -0.005952
3180.20 -0.005539
3182.87 -0.006770
3185.54 -0.006291
3188.21 -0.006560
3190.88 -0.007204
3193.55 -0.005160
3196.22 -0.005292
3198.89 -0.006306
3201.56 -0.002788
3204.23 -0.004468
3206.90 -0.004049
3209.57 -0.002242
3212.24 -0.004422
3214.91 -0.001344
3217.58 -0.003072
3220.25 -0.002814
3222.92 -0.002277
3225.59 -0.003834
3228.26 -0.003884
3230.93 -0.004057
3233.60 -0.003761
3236.27 -0.001938
3238.94 -0.002162
3241.61 -0.003460
3244.28 -0.001987
3246.95 -0.004504
3249.62 -0.003784
3252.29 -0.003879
3254.96 -0.002229
3257.63 -0.004495
3260.30 -0.002460
3262.97 -0.003512
3265.64 -0.003216
3268.31 -0.000816
3270.98 -0.002335
3273.65 -0.003537
3276.32 -0.002605
3278.99 -0.002764
3281.66 -0.001931
3284.33 -0.001373
3287.00 -0.001939
3289.67 -0.002051
3292.34 -0.000525
3295.01 0.000360
3297.68 -0.000685
3300.35 0.002408
3303.02 0.000401
3305.69 0.000485
3308.36 -0.000498
3311.03 0.001240
3313.70 0.000749
3316.37 0.002170
3319.04 0.001070
3321.71 0.002873
3324.38 0.002015
3327.05 0.001595
3329.72 0.002044
3332.39 0.003209
3335.06 0.002913
3337.73 0.003863
3340.40 0.003041
3343.07 0.003531
3345.74 0.003263
3348.41 0.005627
3351.08 0.002232
3353.75 0.001408
3356.42 0.003366
3359.09 0.003364
3361.76 0.003979
3364.43 0.003156
3367.10 0.000959
3369.77 0.002452
3372.44 0.003002
3375.11 0.002300
3377.78 0.004023
3380.45 0.002413
3383.12 0.001426
3385.79 0.004234
3388.46 0.002500
3391.13 0.003444
3393.80 0.002457
3396.47 0.001965
3399.14 0.002974
3401.81 0.001628
3404.48 0.001838
3407.15 0.003375
3409.82 0.002524
3412.49 0.004349
3415.16 0.004061
3417.83 0.004783
3420.50 0.004652
3423.17 0.008693
3425.84 0.009229
3428.51 0.009367
3431.18 0.005744
3433.85 0.005069
3436.52 0.004725
3439.19 0.005097
3441.86 0.006851
3444.53 0.006547
3447.20 0.005650
3449.87 0.006222
3452.54 0.005976
3455.21 0.004691
3457.88 0.003410
3460.55 0.006142
3463.22 0.005737
3465.89 0.004759
3468.56 0.005643
3471.23 0.005950
3473.90 0.005951
3476.57 0.005084
3479.24 0.006433
3481.91 0.006292
3484.58 0.007922
3487.25 0.006045
3489.92 0.007235
3492.59 0.005864
3495.26 0.007178
3497.93 0.005799
3500.60 0.006590
3503.27 0.007873
3505.94 0.007688
3508.61 0.008025
3511.28 0.008250
3513.95 0.008316
3516.62 0.007066
3519.29 0.007381
3521.96 0.007987
3524.63 0.007870
3527.30 0.008588
3529.97 0.008624
3532.64 0.008732
3535.31 0.010461
3537.98 0.010884
3540.65 0.009228
3543.32 0.009338
3545.99 0.010128
3548.66 0.012222
3551.33 0.011009
3554.00 0.012171
3556.67 0.010256
3559.34 0.009972
3562.01 0.010183
3564.68 0.010088
3567.35 0.010230
3570.02 0.009153
3572.69 0.010256
3575.36 0.009160
3578.03 0.011284
3580.70 0.010003
3583.37 0.010709
3586.04 0.010356
3588.71 0.011002
3591.38 0.009335
3594.05 0.011439
3596.72 0.011528
3599.39 0.012030
3602.06 0.010543
3604.73 0.010565
3607.40 0.011860
3610.07 0.012549
3612.74 0.011947
3615.41 0.012106
3618.08 0.012290
3620.75 0.011322
3623.42 0.011838
3626.09 0.012043
3628.76 0.011804
3631.43 0.012975
3634.10 0.011271
3636.77 0.012188
3639.44 0.011497
3642.11 0.012161
3644.78 0.011317
3647.45 0.011407
3650.12 0.011279
3652.79 0.012955
3655.46 0.013131
3658.13 0.013366
3660.80 0.011280
3663.47 0.013392
3666.14 0.011711
3668.81 0.011983
3671.48 0.013695
3674.15 0.012332
3676.82 0.011464
3679.49 0.011619
3682.16 0.012613
3684.83 0.011310
3687.50 0.012041
3690.17 0.010573
3692.84 0.011576
3695.51 0.011656
3698.18 0.010623
3700.85 0.012715
3703.52 0.012317
3706.19 0.013001
3708.86 0.011598
3711.53 0.012488
3714.20 0.012252
3716.87 0.012880
3719.54 0.013463
3722.21 0.012553
3724.88 0.017527
3727.55 0.022551
3730.22 0.024141
3732.89 0.016566
3735.56 0.013522
3738.23 0.012872
3740.90 0.011902
3743.57 0.013899
3746.24 0.013908
3748.91 0.011170
3751.58 0.012042
3754.25 0.011876
3756.92 0.013659
3759.59 0.010924
3762.26 0.012737
3764.93 0.011102
3767.60 0.011989
3770.27 0.013402
3772.94 0.012051
3775.61 0.011052
3778.28 0.013209
3780.95 0.013660
3783.62 0.014258
3786.29 0.012431
3788.96 0.011601
3791.63 0.014278
3794.30 0.014286
3796.97 0.012038
3799.64 0.013301
3802.31 0.014538
3804.98 0.014328
3807.65 0.012259
3810.32 0.013453
3812.99 0.012647
3815.66 0.013329
3818.33 0.014667
3821.00 0.012875
3823.67 0.012688
3826.34 0.012810
3829.01 0.014077
3831.68 0.013942
3834.35 0.013185
3837.02 0.015702
3839.69 0.012836
3842.36 0.013614
3845.03 0.013135
3847.70 0.014051
3850.37 0.013915
3853.04 0.012840
3855.71 0.012594
3858.38 0.013619
3861.05 0.015431
3863.72 0.014860
3866.39 0.014548
3869.06 0.020075
3871.73 0.019200
3874.40 0.015579
3877.07 0.013042
3879.74 0.012772
3882.41 0.012058
3885.08 0.014207
3887.75 0.012803
3890.42 0.012715
3893.09 0.012533
3895.76 0.013842
3898.43 0.014978
3901.10 0.013051
3903.77 0.013816
3906.44 0.013650
3909.11 0.012673
3911.78 0.013501
3914.45 0.013626
3917.12 0.014037
3919.79 0.013953
3922.46 0.014580
3925.13 0.014086
3927.80 0.013490
3930.47 0.011699
3933.14 0.013663
3935.81 0.014194
3938.48 0.013547
3941.15 0.015242
3943.82 0.013671
3946.49 0.014370
3949.16 0.014834
3951.83 0.014808
3954.50 0.013413
3957.17 0.013314
3959.84 0.014238
3962.51 0.014308
3965.18 0.014854
3967.85 0.017996
3970.52 0.018609
3973.19 0.016889
3975.86 0.015954
3978.53 0.014794
3981.20 0.013834
3983.87 0.013716
3986.54 0.014859
3989.21 0.014323
3991.88 0.015179
3994.55 0.015288
3997.22 0.015086
3999.89 0.013777
4002.56 0.013827
4005.23 0.014814
4007.90 0.015317
4010.57 0.014986
4013.24 0.014165
4015.91 0.013920
4018.58 0.014404
4021.25 0.014433
4023.92 0.016907
4026.59 0.014974
4029.26 0.014868
4031.93 0.015941
4034.60 0.015237
4037.27 0.015781
4039.94 0.014619
4042.61 0.015375
4045.28 0.013557
4047.95 0.015139
4050.62 0.015228
4053.29 0.015096
4055.96 0.013832
4058.63 0.014663
4061.30 0.015057
4063.97 0.014488
4066.64 0.015159
4069.31 0.014950
4071.98 0.015015
4074.65 0.016195
4077.32 0.014615
4079.99 0.014740
4082.66 0.014252
4085.33 0.014491
4088.00 0.014482
4090.67 0.013543
4093.34 0.014509
4096.01 0.014210
4098.68 0.015435
4101.35 0.015726
4104.02 0.017603
4106.69 0.015956
4109.36 0.014382
4112.03 0.013827
4114.70 0.013375
4117.37 0.012759
4120.04 0.014976
4122.71 0.015260
4125.38 0.013511
4128.05 0.015971
4130.72 0.014800
4133.39 0.012327
4136.06 0.014093
4138.73 0.014101
4141.40 0.014877
4144.07 0.015679
4146.74 0.015807
4149.41 0.014582
4152.08 0.015510
4154.75 0.013986
4157.42 0.014386
4160.09 0.014866
4162.76 0.016719
4165.43 0.013770
4168.10 0.015903
4170.77 0.016259
4173.44 0.016609
4176.11 0.017032
4178.78 0.015697
4181.45 0.016737
4184.12 0.015070
4186.79 0.015095
4189.46 0.015682
4192.13 0.015167
4194.80 0.015458
4197.47 0.014813
4200.14 0.015386
4202.81 0.014877
4205.48 0.015298
4208.15 0.015265
4210.82 0.015500
4213.49 0.015469
4216.16 0.014521
4218.83 0.015690
4221.50 0.014292
4224.17 0.013185
4226.84 0.014456
4229.51 0.014180
4232.18 0.015163
4234.85 0.016377
4237.52 0.016327
4240.19 0.014798
4242.86 0.015570
4245.53 0.015399
4248.20 0.014687
4250.87 0.015083
4253.54 0.015285
4256.21 0.015296
4258.88 0.014992
4261.55 0.015736
4264.22 0.015371
4266.89 0.015686
4269.56 0.016324
4272.23 0.015639
4274.90 0.015516
4277.57 0.016862
4280.24 0.015915
4282.91 0.017645
4285.58 0.019027
4288.25 0.017249
4290.92 0.017418
4293.59 0.016578
4296.26 0.016982
4298.93 0.016696
4301.60 0.016693
4304.27 0.016303
4306.94 0.016961
4309.61 0.015851
4312.28 0.015251
4314.95 0.016506
4317.62 0.016058
4320.29 0.015170
4322.96 0.016823
4325.63 0.017266
4328.30 0.017216
4330.97 0.016646
4333.64 0.017095
4336.31 0.018469
4338.98 0.019473
4341.65 0.021381
4344.32 0.019617
4346.99 0.018562
4349.66 0.018325
4352.33 0.019123
4355.00 0.018544
4357.67 0.018617
4360.34 0.019137
4363.01 0.019118
4365.68 0.018002
4368.35 0.017990
4371.02 0.018021
4373.69 0.017431
4376.36 0.018153
4379.03 0.016845
4381.70 0.016903
4384.37 0.017973
4387.04 0.018208
4389.71 0.017220
4392.38 0.017108
4395.05 0.017133
4397.72 0.017542
4400.39 0.016682
4403.06 0.017226
4405.73 0.016882
4408.40 0.018097
4411.07 0.017048
4413.74 0.017610
4416.41 0.017757
4419.08 0.016786
4421.75 0.018612
4424.42 0.017114
4427.09 0.018028
4429.76 0.017210
4432.43 0.017576
4435.10 0.017545
4437.77 0.017478
4440.44 0.017202
4443.11 0.018064
4445.78 0.017242
4448.45 0.018171
4451.12 0.017487
4453.79 0.015614
4456.46 0.016035
4459.13 0.015790
4461.80 0.015790
4464.47 0.016737
4467.14 0.016927
4469.81 0.017184
4472.48 0.017444
4475.15 0.016167
4477.82 0.015780
4480.49 0.016487
4483.16 0.016211
4485.83 0.017039
4488.50 0.016894
4491.17 0.016514
4493.84 0.015645
4496.51 0.017381
4499.18 0.016374
4501.85 0.017269
4504.52 0.017060
4507.19 0.016870
4509.86 0.015508
4512.53 0.016598
4515.20 0.015901
4517.87 0.015460
4520.54 0.017007
4523.21 0.016752
4525.88 0.016482
4528.55 0.017249
4531.22 0.014957
4533.89 0.015232
4536.56 0.016498
4539.23 0.016786
4541.90 0.017280
4544.57 0.016481
4547.24 0.017147
4549.91 0.016235
4552.58 0.017529
4555.25 0.015665
4557.92 0.016932
4560.59 0.016057
4563.26 0.015481
4565.93 0.016162
4568.60 0.017489
4571.27 0.016581
4573.94 0.017678
4576.61 0.016749
4579.28 0.017837
4581.95 0.016016
4584.62 0.017384
4587.29 0.016334
4589.96 0.015784
4592.63 0.015950
4595.30 0.014543
4597.97 0.014936
4600.64 0.016130
4603.31 0.017094
4605.98 0.015691
4608.65 0.016643
4611.32 0.016166
4613.99 0.016393
4616.66 0.016012
4619.33 0.017476
4622.00 0.017521
4624.67 0.017197
4627.34 0.018096
4630.01 0.017392
4632.68 0.017209
4635.35 0.017029
4638.02 0.017035
4640.69 0.016978
4643.36 0.017827
4646.03 0.017141
4648.70 0.017253
4651.37 0.016981
4654.04 0.016750
4656.71 0.017993
4659.38 0.016188
4662.05 0.016486
4664.72 0.016481
4667.39 0.017011
4670.06 0.018301
4672.73 0.017886
4675.40 0.017076
4678.07 0.017175
4680.74 0.016503
4683.41 0.016839
4686.08 0.018424
4688.75 0.018081
4691.42 0.016604
4694.09 0.017240
4696.76 0.016345
4699.43 0.017868
4702.10 0.016911
4704.77 0.017546
4707.44 0.015922
4710.11 0.015987
4712.78 0.016878
4715.45 0.017294
4718.12 0.017941
4720.79 0.017884
4723.46 0.019153
4726.13 0.017423
4728.80 0.018093
4731.47 0.017860
4734.14 0.018027
4736.81 0.017239
4739.48 0.016944
4742.15 0.017650
4744.82 0.016879
4747.49 0.016763
4750.16 0.015847
4752.83 0.016510
4755.50 0.016099
4758.17 0.016623
4760.84 0.017226
4763.51 0.016209
4766.18 0.016860
4768.85 0.016882
4771.52 0.016879
4774.19 0.017733
4776.86 0.017312
4779.53 0.017438
4782.20 0.018631
4784.87 0.018984
4787.54 0.019879
4790.21 0.019323
4792.88 0.019796
4795.55 0.020396
4798.22 0.020104
4800.89 0.019946
4803.56 0.020261
4806.23 0.019135
4808.90 0.020586
4811.57 0.018838
4814.24 0.019323
4816.91 0.019492
4819.58 0.020016
4822.25 0.019796
4824.92 0.019259
4827.59 0.020679
4830.26 0.018200
4832.93 0.017843
4835.60 0.018186
4838.27 0.018853
4840.94 0.019574
4843.61 0.019592
4846.28 0.020716
4848.95 0.021639
4851.62 0.022357
4854.29 0.022942
4856.96 0.024780
4859.63 0.027749
4862.30 0.029288
4864.97 0.028377
4867.64 0.025116
4870.31 0.022666
4872.98 0.022622
4875.65 0.021711
4878.32 0.022631
4880.99 0.021736
4883.66 0.021713
4886.33 0.019912
4889.00 0.021458
4891.67 0.021670
4894.34 0.018824
4897.01 0.019749
4899.68 0.019737
4902.35 0.020129
4905.02 0.019672
4907.69 0.020175
4910.36 0.019874
4913.03 0.020112
4915.70 0.018744
4918.37 0.018553
4921.04 0.018317
4923.71 0.019500
4926.38 0.019332
4929.05 0.019521
4931.72 0.018881
4934.39 0.018259
4937.06 0.018489
4939.73 0.017323
4942.40 0.019262
4945.07 0.016872
4947.74 0.018359
4950.41 0.019486
4953.08 0.021168
4955.75 0.023568
4958.42 0.029643
4961.09 0.035742
4963.76 0.030515
4966.43 0.023630
4969.10 0.020220
4971.77 0.019960
4974.44 0.017237
4977.11 0.018888
4979.78 0.018427
4982.45 0.016616
4985.12 0.019156
4987.79 0.020581
4990.46 0.020035
4993.13 0.019932
4995.80 0.023761
4998.47 0.023589
5001.14 0.028299
5003.81 0.032918
5006.48 0.053036
5009.15 0.071805
5011.82 0.053941
5014.49 0.033265
5017.16 0.025243
5019.83 0.021489
5022.50 0.018936
5025.17 0.017480
5027.84 0.017305
5030.51 0.016142
5033.18 0.016575
5035.85 0.016806
5038.52 0.017039
5041.19 0.017201
5043.86 0.015850
5046.53 0.015482
5049.20 0.015388
5051.87 0.016134
5054.54 0.015904
5057.21 0.015807
5059.88 0.015395
5062.55 0.015570
5065.22 0.015820
5067.89 0.017171
5070.56 0.014991
5073.23 0.016888
5075.90 0.016384
5078.57 0.016210
5081.24 0.015304
5083.91 0.016738
5086.58 0.016663
5089.25 0.015837
5091.92 0.016622
5094.59 0.016505
5097.26 0.016273
5099.93 0.016022
5102.60 0.016889
5105.27 0.016131
5107.94 0.016553
5110.61 0.017149
5113.28 0.015618
5115.95 0.016051
5118.62 0.017056
5121.29 0.016712
5123.96 0.016577
5126.63 0.017383
5129.30 0.014724
5131.97 0.016588
5134.64 0.017839
5137.31 0.016087
5139.98 0.017373
5142.65 0.017326
5145.32 0.016690
5147.99 0.016647
5150.66 0.018031
5153.33 0.017500
5156.00 0.017128
5158.67 0.017855
5161.34 0.017490
5164.01 0.015165
5166.68 0.015959
5169.35 0.016012
5172.02 0.015176
5174.69 0.016518
5177.36 0.016122
5180.03 0.016408
5182.70 0.015890
5185.37 0.014635
5188.04 0.016290
5190.71 0.016019
5193.38 0.015180
5196.05 0.017233
5198.72 0.017610
5201.39 0.017644
5204.06 0.017501
5206.73 0.017396
5209.40 0.017361
5212.07 0.016356
5214.74 0.016444
5217.41 0.017931
5220.08 0.016438
5222.75 0.017336
5225.42 0.014878
5228.09 0.016312
5230.76 0.016747
5233.43 0.016479
5236.10 0.017070
5238.77 0.016691
5241.44 0.016667
5244.11 0.017625
5246.78 0.016540
5249.45 0.016290
5252.12 0.016674
5254.79 0.016365
5257.46 0.015856
5260.13 0.017214
5262.80 0.016774
5265.47 0.017121
5268.14 0.016688
5270.81 0.018026
5273.48 0.017649
5276.15 0.017881
5278.82 0.017679
5281.49 0.016808
5284.16 0.017061
5286.83 0.016940
5289.50 0.015999
5292.17 0.017017
5294.84 0.016983
5297.51 0.016479
5300.18 0.017431
5302.85 0.017738
5305.52 0.016682
5308.19 0.018135
5310.86 0.017680
5313.53 0.018865
5316.20 0.017178
5318.87 0.017167
5321.54 0.016456
5324.21 0.016362
5326.88 0.015950
5329.55 0.016772
5332.22 0.015365
5334.89 0.016360
5337.56 0.017128
5340.23 0.017517
5342.90 0.014721
5345.57 0.017242
5348.24 0.015579
5350.91 0.016054
5353.58 0.014982
5356.25 0.016266
5358.92 0.016426
5361.59 0.016779
5364.26 0.016134
5366.93 0.015058
5369.60 0.016605
5372.27 0.015426
5374.94 0.016226
5377.61 0.015433
5380.28 0.016223
5382.95 0.015597
5385.62 0.015801
5388.29 0.016140
5390.96 0.017520
5393.63 0.014454
5396.30 0.017530
5398.97 0.015167
5401.64 0.015367
5404.31 0.017006
5406.98 0.015183
5409.65 0.017490
5412.32 0.016585
5414.99 0.017149
5417.66 0.016036
5420.33 0.015541
5423.00 0.018294
5425.67 0.016039
5428.34 0.017631
5431.01 0.017231
5433.68 0.016452
5436.35 0.015596
5439.02 0.014803
5441.69 0.015232
5444.36 0.015340
5447.03 0.015349
5449.70 0.015480
5452.37 0.015630
5455.04 0.015899
5457.71 0.015421
5460.38 0.015445
5463.05 0.014778
5465.72 0.014494
5468.39 0.014897
5471.06 0.014116
5473.73 0.014004
5476.40 0.015006
5479.07 0.015884
5481.74 0.015093
5484.41 0.014805
5487.08 0.015117
5489.75 0.016124
5492.42 0.014896
5495.09 0.014884
5497.76 0.015003
5500.43 0.015648
5503.10 0.016536
5505.77 0.014535
5508.44 0.014161
5511.11 0.013539
5513.78 0.014889
5516.45 0.014848
5519.12 0.016230
5521.79 0.015077
5524.46 0.013866
5527.13 0.014792
5529.80 0.016644
5532.47 0.015521
5535.14 0.014904
5537.81 0.016478
5540.48 0.016324
5543.15 0.015387
5545.82 0.014519
5548.49 0.016068
5551.16 0.016480
5553.83 0.015782
5556.50 0.014801
5559.17 0.014446
5561.84 0.013909
5564.51 0.014474
5567.18 0.012590
5569.85 0.014308
5572.52 0.014670
5575.19 0.013300
5577.86 0.015548
5580.53 0.013949
5583.20 0.014895
5585.87 0.014508
5588.54 0.013599
5591.21 0.014693
5593.88 0.014678
5596.55 0.016344
5599.22 0.014733
5601.89 0.013073
5604.56 0.014193
5607.23 0.013150
5609.90 0.012760
5612.57 0.014594
5615.24 0.015487
5617.91 0.012612
5620.58 0.013818
5623.25 0.015103
5625.92 0.015268
5628.59 0.015491
5631.26 0.014001
5633.93 0.015712
5636.60 0.013384
5639.27 0.013844
5641.94 0.015089
5644.61 0.013144
5647.28 0.015038
5649.95 0.015529
5652.62 0.013827
5655.29 0.014058
5657.96 0.013690
5660.63 0.013355
5663.30 0.013332
5665.97 0.014406
5668.64 0.012751
5671.31 0.014210
5673.98 0.013842
5676.65 0.013615
5679.32 0.014309
5681.99 0.013750
5684.66 0.015955
5687.33 0.013105
5690.00 0.015492
5692.67 0.014275
5695.34 0.012796
5698.01 0.012762
5700.68 0.012318
5703.35 0.013722
5706.02 0.013758
5708.69 0.013421
5711.36 0.013078
5714.03 0.013563
5716.70 0.014353
5719.37 0.011868
5722.04 0.013987
5724.71 0.014328
5727.38 0.013801
5730.05 0.013698
5732.72 0.014355
5735.39 0.013881
5738.06 0.013847
5740.73 0.014585
5743.40 0.014509
5746.07 0.013534
5748.74 0.014311
5751.41 0.015432
5754.08 0.014896
5756.75 0.012511
5759.42 0.013580
5762.09 0.012727
5764.76 0.013272
5767.43 0.014181
5770.10 0.013272
5772.77 0.016167
5775.44 0.014695
5778.11 0.015038
5780.78 0.014245
5783.45 0.013977
5786.12 0.015340
5788.79 0.015207
5791.46 0.014807
5794.13 0.014248
5796.80 0.015313
5799.47 0.015294
5802.14 0.013153
5804.81 0.012805
5807.48 0.014889
5810.15 0.017379
5812.82 0.015360
5815.49 0.013729
5818.16 0.013987
5820.83 0.012652
5823.50 0.013512
5826.17 0.013066
5828.84 0.014118
5831.51 0.013416
5834.18 0.013885
5836.85 0.014972
5839.52 0.012185
5842.19 0.012935
5844.86 0.013759
5847.53 0.014217
5850.20 0.014102
5852.87 0.015255
5855.54 0.013123
5858.21 0.013776
5860.88 0.013730
5863.55 0.014319
5866.22 0.013737
5868.89 0.012148
5871.56 0.013460
5874.23 0.015008
5876.90 0.014303
5879.57 0.012784
5882.24 0.015520
5884.91 0.015333
5887.58 0.014037
5890.25 0.014142
5892.92 0.014631
5895.59 0.013412
5898.26 0.012196
5900.93 0.015540
5903.60 0.012502
5906.27 0.014663
5908.94 0.012894
5911.61 0.015025
5914.28 0.014787
5916.95 0.013686
5919.62 0.013311
5922.29 0.012265
5924.96 0.016389
5927.63 0.015109
5930.30 0.013727
5932.97 0.014255
5935.64 0.012828
5938.31 0.014599
5940.98 0.014583
5943.65 0.013237
5946.32 0.014148
5948.99 0.015471
5951.66 0.014163
5954.33 0.015524
5957.00 0.014643
5959.67 0.015414
5962.34 0.013855
5965.01 0.016505
5967.68 0.014338
5970.35 0.014399
5973.02 0.014197
5975.69 0.013720
5978.36 0.014146
5981.03 0.012749
5983.70 0.011706
5986.37 0.014402
5989.04 0.012202
5991.71 0.014342
5994.38 0.014313
5997.05 0.014056
5999.72 0.014719
6002.39 0.014958
6005.06 0.015998
6007.73 0.016206
6010.40 0.012519
6013.07 0.015475
6015.74 0.013657
6018.41 0.013337
6021.08 0.012431
6023.75 0.013104
6026.42 0.012020
6029.09 0.013755
6031.76 0.016434
6034.43 0.010533
6037.10 0.012932
6039.77 0.013619
6042.44 0.013671
6045.11 0.011750
6047.78 0.013723
6050.45 0.014216
6053.12 0.014633
6055.79 0.013184
6058.46 0.014582
6061.13 0.014859
6063.80 0.015210
6066.47 0.015235
6069.14 0.014539
6071.81 0.015664
6074.48 0.016363
6077.15 0.013662
6079.82 0.015611
6082.49 0.014870
6085.16 0.016351
6087.83 0.015820
6090.50 0.017028
6093.17 0.013694
6095.84 0.013590
6098.51 0.014599
6101.18 0.013202
6103.85 0.013079
6106.52 0.013924
6109.19 0.012801
6111.86 0.012948
6114.53 0.013383
6117.20 0.012786
6119.87 0.013199
6122.54 0.013078
6125.21 0.012212
6127.88 0.012962
6130.55 0.011501
6133.22 0.011002
6135.89 0.012972
6138.56 0.013020
6141.23 0.013001
6143.90 0.015768
6146.57 0.015171
6149.24 0.012940
6151.91 0.013673
6154.58 0.014411
6157.25 0.014162
6159.92 0.014524
6162.59 0.013579
6165.26 0.016162
6167.93 0.015140
6170.60 0.015584
6173.27 0.015066
6175.94 0.015471
6178.61 0.014778
6181.28 0.015046
6183.95 0.014670
6186.62 0.014935
6189.29 0.014549
6191.96 0.014416
6194.63 0.013508
6197.30 0.014593
6199.97 0.016816
6202.64 0.015258
6205.31 0.014008
6207.98 0.016036
6210.65 0.015097
6213.32 0.014553
6215.99 0.014569
6218.66 0.014570
6221.33 0.014786
6224.00 0.016029
6226.67 0.015573
6229.34 0.011692
6232.01 0.011704
6234.68 0.014184
6237.35 0.016053
6240.02 0.015697
6242.69 0.012790
6245.36 0.013777
6248.03 0.013787
6250.70 0.014303
6253.37 0.016119
6256.04 0.013601
6258.71 0.015019
6261.38 0.017804
6264.05 0.015814
6266.72 0.016016
6269.39 0.016736
6272.06 0.015688
6274.73 0.015149
6277.40 0.016772
6280.07 0.015670
6282.74 0.016326
6285.41 0.016184
6288.08 0.015679
6290.75 0.018351
6293.42 0.017297
6296.09 0.017637
6298.76 0.017899
6301.43 0.019333
6304.10 0.018233
6306.77 0.017061
6309.44 0.016987
6312.11 0.016960
6314.78 0.017557
6317.45 0.017324
6320.12 0.016988
6322.79 0.018096
6325.46 0.018244
6328.13 0.017819
6330.80 0.018015
6333.47 0.017855
6336.14 0.018148
6338.81 0.017258
6341.48 0.017729
6344.15 0.018371
6346.82 0.017546
6349.49 0.017969
6352.16 0.018456
6354.83 0.018817
6357.50 0.016791
6360.17 0.018353
6362.84 0.017612
6365.51 0.018528
6368.18 0.018201
6370.85 0.017564
6373.52 0.018231
6376.19 0.016421
6378.86 0.017304
6381.53 0.018240
6384.20 0.017559
6386.87 0.016188
6389.54 0.018680
6392.21 0.017643
6394.88 0.016909
6397.55 0.017854
6400.22 0.018621
6402.89 0.018166
6405.56 0.018934
6408.23 0.018549
6410.90 0.017697
6413.57 0.018950
6416.24 0.020202
6418.91 0.019508
6421.58 0.020383
6424.25 0.020125
6426.92 0.019615
6429.59 0.019557
6432.26 0.019994
6434.93 0.019151
6437.60 0.020575
6440.27 0.019498
6442.94 0.020145
6445.61 0.019931
6448.28 0.021274
6450.95 0.021070
6453.62 0.020708
6456.29 0.021169
6458.96 0.020385
6461.63 0.022312
6464.30 0.022881
6466.97 0.021143
6469.64 0.022926
6472.31 0.024604
6474.98 0.022587
6477.65 0.023325
6480.32 0.024380
6482.99 0.025683
6485.66 0.025805
6488.33 0.026087
6491.00 0.026451
6493.67 0.026390
6496.34 0.028223
6499.01 0.027411
6501.68 0.027762
6504.35 0.028062
6507.02 0.028449
6509.69 0.030035
6512.36 0.031760
6515.03 0.030929
6517.70 0.032591
6520.37 0.034937
6523.04 0.036921
6525.71 0.038925
6528.38 0.040186
6531.05 0.042148
6533.72 0.045002
6536.39 0.046790
6539.06 0.049484
6541.73 0.051820
6544.40 0.054564
6547.07 0.058357
6549.74 0.062164
6552.41 0.065519
6555.08 0.067961
6557.75 0.072868
6560.42 0.078725
6563.09 0.081755
6565.76 0.082440
6568.43 0.080312
6571.10 0.075822
6573.77 0.072807
6576.44 0.068702
6579.11 0.066132
6581.78 0.063108
6584.45 0.061060
6587.12 0.059563
6589.79 0.056617
6592.46 0.053126
6595.13 0.050326
6597.80 0.047917
6600.47 0.045768
6603.14 0.043216
6605.81 0.040818
6608.48 0.039138
6611.15 0.037619
6613.82 0.035873
6616.49 0.033414
6619.16 0.032542
6621.83 0.032089
6624.50 0.030901
6627.17 0.029344
6629.84 0.028990
6632.51 0.027907
6635.18 0.027700
6637.85 0.027086
6640.52 0.026459
6643.19 0.025547
6645.86 0.024940
6648.53 0.024489
6651.20 0.024300
6653.87 0.023978
6656.54 0.023710
6659.21 0.022676
6661.88 0.022533
6664.55 0.021956
6667.22 0.021292
6669.89 0.021300
6672.56 0.020522
6675.23 0.019859
6677.90 0.019682
6680.57 0.019594
6683.24 0.019608
6685.91 0.018410
6688.58 0.018126
6691.25 0.017612
6693.92 0.017670
6696.59 0.017617
6699.26 0.017257
6701.93 0.017266
6704.60 0.016900
6707.27 0.016796
6709.94 0.017138
6712.61 0.016896
6715.28 0.017311
6717.95 0.017742
6720.62 0.017094
6723.29 0.016983
6725.96 0.016882
6728.63 0.016572
6731.30 0.016570
6733.97 0.016412
6736.64 0.015922
6739.31 0.015431
6741.98 0.015274
6744.65 0.015201
6747.32 0.014767
6749.99 0.014567
6752.66 0.014519
6755.33 0.014366
6758.00 0.014500
6760.67 0.014223
6763.34 0.014271
6766.01 0.014063
6768.68 0.013999
6771.35 0.014014
6774.02 0.014199
6776.69 0.013940
6779.36 0.013876
6782.03 0.013891
6784.70 0.014174
6787.37 0.014339
6790.04 0.014107
6792.71 0.014032
6795.38 0.014006
6798.05 0.013711
6800.72 0.013732
6803.39 0.013869
6806.06 0.013944
6808.73 0.013692
6811.40 0.013771
6814.07 0.013792
6816.74 0.013908
6819.41 0.014183
6822.08 0.013730
6824.75 0.013855
6827.42 0.013770
6830.09 0.013974
6832.76 0.013748
6835.43 0.013726
6838.10 0.013755
6840.77 0.013808
6843.44 0.013518
6846.11 0.013463
6848.78 0.013554
6851.45 0.013406
6854.12 0.013493
6856.79 0.013591
6859.46 0.013558
6862.13 0.013260
6864.80 0.013507
6867.47 0.013886
6870.14 0.013564
6872.81 0.013813
6875.48 0.013594
6878.15 0.013648
6880.82 0.013573
6883.49 0.013562
6886.16 0.013709
6888.83 0.012941
6891.50 0.013656
6894.17 0.013597
6896.84 0.013461
6899.51 0.013533
6902.18 0.013527
6904.85 0.013238
6907.52 0.013023
6910.19 0.013827
6912.86 0.014160
6915.53 0.014252
6918.20 0.014182
6920.87 0.013578
6923.54 0.013730
6926.21 0.013495
6928.88 0.013654
6931.55 0.013726
6934.22 0.013680
6936.89 0.013780
6939.56 0.013915
6942.23 0.013357
6944.90 0.013084
6947.57 0.013098
6950.24 0.013845
6952.91 0.014142
6955.58 0.014344
6958.25 0.014090
6960.92 0.014304
6963.59 0.014336
6966.26 0.014234
6968.93 0.014520
6971.60 0.014017
6974.27 0.014477
6976.94 0.014747
6979.61 0.014979
6982.28 0.015540
6984.95 0.015259
6987.62 0.015394
6990.29 0.014999
6992.96 0.015057
6995.63 0.015305
6998.30 0.015272
7000.97 0.015071
7003.64 0.015091
7006.31 0.015134
7008.98 0.014479
7011.65 0.015053
7014.32 0.014991
7016.99 0.014644
7019.66 0.015238
7022.33 0.014908
7025.00 0.015294
7027.67 0.015560
7030.34 0.015296
7033.01 0.015352
7035.68 0.015402
7038.35 0.015695
7041.02 0.016250
7043.69 0.015736
7046.36 0.015435
7049.03 0.015998
7051.70 0.015605
7054.37 0.015083
7057.04 0.014629
7059.71 0.014629
7062.38 0.015385
7065.05 0.016040
7067.72 0.015527
7070.39 0.015185
7073.06 0.014389
7075.73 0.015041
7078.40 0.015354
7081.07 0.015548
7083.74 0.015197
7086.41 0.014423
7089.08 0.014261
7091.75 0.015125
7094.42 0.015032
7097.09 0.014793
7099.76 0.014576
7102.43 0.014709
7105.10 0.014871
7107.77 0.015497
7110.44 0.015383
7113.11 0.015509
7115.78 0.015345
7118.45 0.015783
7121.12 0.015285
7123.79 0.015443
7126.46 0.015494
7129.13 0.015590
7131.80 0.015768
7134.47 0.015488
7137.14 0.015843
7139.81 0.015515
7142.48 0.015308
7145.15 0.015267
7147.82 0.015236
7150.49 0.015259
7153.16 0.015036
7155.83 0.014940
7158.50 0.015380
7161.17 0.015034
7163.84 0.015190
7166.51 0.014727
7169.18 0.015184
7171.85 0.015175
7174.52 0.015444
7177.19 0.015318
7179.86 0.015373
7182.53 0.015582
7185.20 0.016171
7187.87 0.015682
7190.54 0.015364
7193.21 0.014879
7195.88 0.014752
7198.55 0.015648
7201.22 0.014658
7203.89 0.014788
7206.56 0.014675
7209.23 0.014658
7211.90 0.015131
7214.57 0.015160
7217.24 0.014787
7219.91 0.014988
7222.58 0.014876
7225.25 0.015266
7227.92 0.015539
7230.59 0.014985
7233.26 0.014777
7235.93 0.015125
7238.60 0.015319
7241.27 0.015131
7243.94 0.015203
7246.61 0.014851
7249.28 0.014910
7251.95 0.015064
7254.62 0.014960
7257.29 0.015020
7259.96 0.014749
7262.63 0.014572
7265.30 0.014841
7267.97 0.014738
7270.64 0.014862
7273.31 0.015209
7275.98 0.014968
7278.65 0.014625
7281.32 0.014139
7283.99 0.014427
7286.66 0.015163
7289.33 0.015258
7292.00 0.014649
7294.67 0.014767
7297.34 0.015072
7300.01 0.014865
7302.68 0.014850
7305.35 0.014683
7308.02 0.015544
7310.69 0.014885
7313.36 0.015158
7316.03 0.015116
7318.70 0.015687
7321.37 0.015811
7324.04 0.015484
7326.71 0.015551
7329.38 0.015580
7332.05 0.015256
7334.72 0.015433
7337.39 0.015373
7340.06 0.014950
7342.73 0.015134
7345.40 0.014912
7348.07 0.014941
7350.74 0.014876
7353.41 0.014742
7356.08 0.014612
7358.75 0.015372
7361.42 0.014937
7364.09 0.015065
7366.76 0.015204
7369.43 0.015160
7372.10 0.014915
7374.77 0.015189
7377.44 0.014445
7380.11 0.015291
7382.78 0.015405
7385.45 0.014585
7388.12 0.014765
7390.79 0.014748
7393.46 0.014771
7396.13 0.014554
7398.80 0.014620
7401.47 0.014150
7404.14 0.014899
7406.81 0.014741
7409.48 0.014651
7412.15 0.015016
7414.82 0.013805
7417.49 0.014344
7420.16 0.014710
7422.83 0.015212
7425.50 0.014761
7428.17 0.014818
7430.84 0.013973
7433.51 0.014135
7436.18 0.014586
7438.85 0.014222
7441.52 0.014570
7444.19 0.014876
7446.86 0.014562
7449.53 0.014135
7452.20 0.014644
7454.87 0.014721
7457.54 0.015208
7460.21 0.015354
7462.88 0.015018
7465.55 0.015373
7468.22 0.015267
7470.89 0.015226
7473.56 0.015385
7476.23 0.015461
7478.90 0.015216
7481.57 0.015357
7484.24 0.015201
7486.91 0.015176
7489.58 0.015557
7492.25 0.015270
7494.92 0.015166
7497.59 0.015084
7502.00 0.014249
7504.50 0.014255
7507.00 0.014261
7509.50 0.014267
7512.00 0.014273
7514.50 0.014279
7517.01 0.014284
7519.51 0.014290
7522.01 0.014296
7524.51 0.014302
7527.01 0.014308
7529.51 0.014314
7532.01 0.014320
7534.51 0.014326
7537.01 0.014331
7539.51 0.014337
7542.01 0.014343
7544.51 0.014349
7547.02 0.014355
7549.52 0.014361
7552.02 0.014366
7554.52 0.014372
7557.02 0.014378
7559.52 0.014384
7562.02 0.014390
7564.52 0.014395
7567.02 0.014401
7569.52 0.014407
7572.02 0.014413
7574.52 0.014419
7577.03 0.014424
7579.53 0.014430
7582.03 0.014436
7584.53 0.014441
7587.03 0.014447
7589.53 0.014453
7592.03 0.014459
7594.53 0.014464
7597.03 0.014470
7599.53 0.014476
7602.03 0.014481
7604.53 0.014487
7607.04 0.014493
7609.54 0.014499
7612.04 0.014504
7614.54 0.014510
7617.04 0.014515
7619.54 0.014521
7622.04 0.014527
7624.54 0.014532
7627.04 0.014538
7629.54 0.014544
7632.04 0.014549
7634.54 0.014555
7637.05 0.014561
7639.55 0.014566
7642.05 0.014572
7644.55 0.014577
7647.05 0.014583
7649.55 0.014588
7652.05 0.014594
7654.55 0.014600
7657.05 0.014605
7659.55 0.014611
7662.05 0.014616
7664.55 0.014622
7667.06 0.014627
7669.56 0.014633
7672.06 0.014638
7674.56 0.014644
7677.06 0.014649
7679.56 0.014655
7682.06 0.014660
7684.56 0.014666
7687.06 0.014671
7689.56 0.014677
7692.06 0.014682
7694.56 0.014688
7697.07 0.014693
7699.57 0.014699
7702.07 0.014704
7704.57 0.014710
7707.07 0.014715
7709.57 0.014720
7712.07 0.014726
7714.57 0.014731
7717.07 0.014737
7719.57 0.014742
7722.07 0.014748
7724.57 0.014753
7727.08 0.014758
7729.58 0.014764
7732.08 0.014769
7734.58 0.014775
7737.08 0.014780
7739.58 0.014785
7742.08 0.014791
7744.58 0.014796
7747.08 0.014801
7749.58 0.014807
7752.08 0.014812
7754.58 0.014817
7757.09 0.014823
7759.59 0.014828
7762.09 0.014833
7764.59 0.014839
7767.09 0.014844
7769.59 0.014849
7772.09 0.014854
7774.59 0.014860
7777.09 0.014865
7779.59 0.014870
7782.09 0.014876
7784.59 0.014881
7787.10 0.014886
7789.60 0.014891
7792.10 0.014897
7794.60 0.014902
7797.10 0.014907
7799.60 0.014912
7802.10 0.014918
7804.60 0.014923
7807.10 0.014928
7809.60 0.014933
7812.10 0.014938
7814.60 0.014944
7817.11 0.014949
7819.61 0.014954
7822.11 0.014959
7824.61 0.014964
7827.11 0.014969
7829.61 0.014975
7832.11 0.014980
7834.61 0.014985
7837.11 0.014990
7839.61 0.014995
7842.11 0.015000
7844.61 0.015005
7847.12 0.015011
7849.62 0.015016
7852.12 0.015021
7854.62 0.015026
7857.12 0.015031
7859.62 0.015036
7862.12 0.015041
7864.62 0.015046
7867.12 0.015051
7869.62 0.015057
7872.12 0.015062
7874.62 0.015067
7877.13 0.015072
7879.63 0.015077
7882.13 0.015082
7884.63 0.015087
7887.13 0.015092
7889.63 0.015097
7892.13 0.015102
7894.63 0.015107
7897.13 0.015112
7899.63 0.015117
7902.13 0.015122
7904.63 0.015127
7907.14 0.015132
7909.64 0.015137
7912.14 0.015142
7914.64 0.015147
7917.14 0.015152
7919.64 0.015157
7922.14 0.015162
7924.64 0.015167
7927.14 0.015172
7929.64 0.015177
7932.14 0.015182
7934.64 0.015187
7937.15 0.015192
7939.65 0.015197
7942.15 0.015201
7944.65 0.015206
7947.15 0.015211
7949.65 0.015216
7952.15 0.015221
7954.65 0.015226
7957.15 0.015231
7959.65 0.015236
7962.15 0.015241
7964.65 0.015246
7967.16 0.015250
7969.66 0.015255
7972.16 0.015260
7974.66 0.015265
7977.16 0.015270
7979.66 0.015275
7982.16 0.015280
7984.66 0.015284
7987.16 0.015289
7989.66 0.015294
7992.16 0.015299
7994.66 0.015304
7997.17 0.015309
7999.67 0.015313
8002.17 0.015318
8004.67 0.015323
8007.17 0.015328
8009.67 0.015333
8012.17 0.015337
8014.67 0.015342
8017.17 0.015347
8019.67 0.015352
8022.17 0.015356
8024.67 0.015361
8027.18 0.015366
8029.68 0.015371
8032.18 0.015375
8034.68 0.015380
8037.18 0.015385
8039.68 0.015390
8042.18 0.015394
8044.68 0.015399
8047.18 0.015404
8049.68 0.015409
8052.18 0.015413
8054.68 0.015418
8057.19 0.015423
8059.69 0.015427
8062.19 0.015432
8064.69 0.015437
8067.19 0.015441
8069.69 0.015446
8072.19 0.015451
8074.69 0.015455
8077.19 0.015460
8079.69 0.015465
8082.19 0.015469
8084.69 0.015474
8087.20 0.015479
8089.70 0.015483
8092.20 0.015488
8094.70 0.015493
8097.20 0.015497
8099.70 0.015502
8102.20 0.015506
8104.70 0.015511
8107.20 0.015516
8109.70 0.015520
8112.20 0.015525
8114.70 0.015529
8117.21 0.015534
8119.71 0.015539
8122.21 0.015543
8124.71 0.015548
8127.21 0.015552
8129.71 0.015557
8132.21 0.015561
8134.71 0.015566
8137.21 0.015570
8139.71 0.015575
8142.21 0.015580
8144.71 0.015584
8147.22 0.015589
8149.72 0.015593
8152.22 0.015598
8154.72 0.015602
8157.22 0.015607
8159.72 0.015611
8162.22 0.015616
8164.72 0.015620
8167.22 0.015625
8169.72 0.015629
8172.22 0.015634
8174.72 0.015638
8177.23 0.015643
8179.73 0.015647
8182.23 0.015652
8184.73 0.015656
8187.23 0.015660
8189.73 0.015665
8192.23 0.015669
8194.73 0.015674
8197.23 0.015678
8199.73 0.015683
8202.23 0.015687
8204.73 0.015692
8207.24 0.015696
8209.74 0.015700
8212.24 0.015705
8214.74 0.015709
8217.24 0.015714
8219.74 0.015718
8222.24 0.015722
8224.74 0.015727
8227.24 0.015731
8229.74 0.015736
8232.24 0.015740
8234.74 0.015744
8237.25 0.015749
8239.75 0.015753
8242.25 0.015757
8244.75 0.015762
8247.25 0.015766
8249.75 0.015770
8252.25 0.015775
8254.75 0.015779
8257.25 0.015783
8259.75 0.015788
8262.25 0.015792
8264.75 0.015796
8267.26 0.015801
8269.76 0.015805
8272.26 0.015809
8274.76 0.015814
8277.26 0.015818
8279.76 0.015822
8282.26 0.015827
8284.76 0.015831
8287.26 0.015835
8289.76 0.015839
8292.26 0.015844
8294.76 0.015848
8297.27 0.015852
8299.77 0.015856
8302.27 0.015861
8304.77 0.015865
8307.27 0.015869
8309.77 0.015873
8312.27 0.015878
8314.77 0.015882
8317.27 0.015886
8319.77 0.015890
8322.27 0.015895
8324.77 0.015899
8327.28 0.015903
8329.78 0.015907
8332.28 0.015911
8334.78 0.015916
8337.28 0.015920
8339.78 0.015924
8342.28 0.015928
8344.78 0.015932
8347.28 0.015937
8349.78 0.015941
8352.28 0.015945
8354.78 0.015949
8357.29 0.015953
8359.79 0.015957
8362.29 0.015962
8364.79 0.015966
8367.29 0.015970
8369.79 0.015974
8372.29 0.015978
8374.79 0.015982
8377.29 0.015986
8379.79 0.015991
8382.29 0.015995
8384.79 0.015999
8387.30 0.016003
8389.80 0.016007
8392.30 0.016011
8394.80 0.016015
8397.30 0.016019
8399.80 0.016023
8402.30 0.016028
8404.80 0.016032
8407.30 0.016036
8409.80 0.016040
8412.30 0.016044
8414.80 0.016048
8417.31 0.016052
8419.81 0.016056
8422.31 0.016060
8424.81 0.016064
8427.31 0.016068
8429.81 0.016072
8432.31 0.016076
8434.81 0.016080
8437.31 0.016084
8439.81 0.016088
8442.31 0.016092
8444.81 0.016096
8447.32 0.016100
8449.82 0.016104
8452.32 0.016108
8454.82 0.016112
8457.32 0.016116
8459.82 0.016120
8462.32 0.016124
8464.82 0.016128
8467.32 0.016132
8469.82 0.016136
8472.32 0.016140
8474.82 0.016144
8477.33 0.016148
8479.83 0.016152
8482.33 0.016156
8484.83 0.016160
8487.33 0.016164
8489.83 0.016168
8492.33 0.016172
8494.83 0.016176
8497.33 0.016180
8499.83 0.016184
8502.33 0.016188
8504.83 0.016192
8507.34 0.016196
8509.84 0.016200
8512.34 0.016204
8514.84 0.016208
8517.34 0.016211
8519.84 0.016215
8522.34 0.016219
8524.84 0.016223
8527.34 0.016227
8529.84 0.016231
8532.34 0.016235
8534.84 0.016239
8537.35 0.016243
8539.85 0.016246
8542.35 0.016250
8544.85 0.016254
8547.35 0.016258
8549.85 0.016262
8552.35 0.016266
8554.85 0.016270
8557.35 0.016273
8559.85 0.016277
8562.35 0.016281
8564.85 0.016285
8567.36 0.016289
8569.86 0.016293
8572.36 0.016297
8574.86 0.016300
8577.36 0.016304
8579.86 0.016308
8582.36 0.016312
8584.86 0.016316
8587.36 0.016319
8589.86 0.016323
8592.36 0.016327
8594.86 0.016331
8597.37 0.016335
8599.87 0.016338
8602.37 0.016342
8604.87 0.016346
8607.37 0.016350
8609.87 0.016353
8612.37 0.016357
8614.87 0.016361
8617.37 0.016365
8619.87 0.016369
8622.37 0.016372
8624.87 0.016376
8627.38 0.016380
8629.88 0.016384
8632.38 0.016387
8634.88 0.016391
8637.38 0.016395
8639.88 0.016399
8642.38 0.016402
8644.88 0.016406
8647.38 0.016410
8649.88 0.016413
8652.38 0.016417
8654.88 0.016421
8657.39 0.016425
8659.89 0.016428
8662.39 0.016432
8664.89 0.016436
8667.39 0.016439
8669.89 0.016443
8672.39 0.016447
8674.89 0.016450
8677.39 0.016454
8679.89 0.016458
8682.39 0.016461
8684.89 0.016465
8687.40 0.016469
8689.90 0.016472
8692.40 0.016476
8694.90 0.016480
8697.40 0.016483
8699.90 0.016487
8702.40 0.016491
8704.90 0.016494
8707.40 0.016498
8709.90 0.016502
8712.40 0.016505
8714.90 0.016509
8717.41 0.016512
8719.91 0.016516
8722.41 0.016520
8724.91 0.016523
8727.41 0.016527
8729.91 0.016530
8732.41 0.016534
8734.91 0.016538
8737.41 0.016541
8739.91 0.016545
8742.41 0.016548
8744.91 0.016552
8747.42 0.016556
8749.92 0.016559
8752.42 0.016563
8754.92 0.016566
8757.42 0.016570
8759.92 0.016573
8762.42 0.016577
8764.92 0.016581
8767.42 0.016584
8769.92 0.016588
8772.42 0.016591
8774.92 0.016595
8777.43 0.016598
8779.93 0.016602
8782.43 0.016605
8784.93 0.016609
8787.43 0.016612
8789.93 0.016616
8792.43 0.016620
8794.93 0.016623
8797.43 0.016627
8799.93 0.016630
8802.43 0.016634
8804.93 0.016637
8807.44 0.016641
8809.94 0.016644
8812.44 0.016648
8814.94 0.016651
8817.44 0.016655
8819.94 0.016658
8822.44 0.016662
8824.94 0.016665
8827.44 0.016668
8829.94 0.016672
8832.44 0.016675
8834.94 0.016679
8837.45 0.016682
8839.95 0.016686
8842.45 0.016689
8844.95 0.016693
8847.45 0.016696
8849.95 0.016700
8852.45 0.016703
8854.95 0.016706
8857.45 0.016710
8859.95 0.016713
8862.45 0.016717
8864.95 0.016720
8867.46 0.016724
8869.96 0.016727
8872.46 0.016730
8874.96 0.016734
8877.46 0.016737
8879.96 0.016741
8882.46 0.016744
8884.96 0.016748
8887.46 0.016751
8889.96 0.016754
8892.46 0.016758
8894.96 0.016761
8897.47 0.016764
8899.97 0.016768
8902.47 0.016771
8904.97 0.016775
8907.47 0.016778
8909.97 0.016781
8912.47 0.016785
8914.97 0.016788
8917.47 0.016791
8919.97 0.016795
8922.47 0.016798
8924.97 0.016802
8927.48 0.016805
8929.98 0.016808
8932.48 0.016812
8934.98 0.016815
8937.48 0.016818
8939.98 0.016822
8942.48 0.016825
8944.98 0.016828
8947.48 0.016832
8949.98 0.016835
8952.48 0.016838
8954.98 0.016842
8957.49 0.016845
8959.99 0.016848
8962.49 0.016851
8964.99 0.016855
8967.49 0.016858
8969.99 0.016861
8972.49 0.016865
8974.99 0.016868
8977.49 0.016871
8979.99 0.016874
8982.49 0.016878
8984.99 0.016881
8987.50 0.016884
8990.00 0.016888
8992.50 0.016891
8995.00 0.016894
8997.50 0.016897
9000.00 0.016901
